10000 0
20000 0
30000 0
40000 0
50000 0
60000 0
70000 0
80000 0
90000 10
100000 0
110000 0
120000 10
130000 0
140000 0
150000 10
160000 0
170000 10
180000 10
190000 0
200000 10
210000 11
220000 10
230000 10
240000 0
250000 10
260000 0
270000 0
280000 0
290000 0
300000 0
310000 0
320000 10
330000 11
340000 0
350000 0
360000 0
370000 1
380000 0
390000 0
400000 0
410000 0
420000 0
430000 0
440000 0
450000 11
460000 0
470000 0
480000 1
490000 0
500000 1
510000 0
520000 0
530000 11
540000 1
550000 1
560000 1
570000 1
580000 1
590000 1
600000 11
610000 11
620000 1
630000 1
640000 1
650000 1
660000 1
670000 1
680000 1
690000 10
700000 1
710000 1
720000 11
730000 1
740000 1
750000 11
760000 11
770000 0
780000 1
790000 11
800000 11
810000 1
820000 1
830000 1
840000 1
850000 0
860000 11
870000 1
880000 11
890000 1
900000 1
910000 11
920000 11
930000 11
940000 0
950000 1
960000 1
970000 11
980000 11
990000 11
1000000 0
1010000 1
1020000 0
1030000 11
1040000 1
1050000 1
1060000 0
1070000 0
1080000 1
1090000 1
1100000 1
1110000 1
1120000 1
1130000 1
1140000 1
1150000 1
1160000 1
1170000 1
1180000 11
1190000 11
1200000 11
1210000 11
1220000 1
1230000 1
1240000 1
1250000 1
1260000 1
1270000 1
1280000 1
1290000 1
1300000 1
1310000 1
1320000 1
1330000 1
1340000 1
1350000 1
1360000 1
1370000 1
1380000 11
1390000 11
1400000 11
1410000 11
1420000 11
1430000 1
1440000 1
1450000 1
1460000 2
1470000 11
1480000 1
1490000 11
1500000 1
1510000 1
1520000 1
1530000 1
1540000 1
1550000 1
1560000 1
1570000 1
1580000 11
1590000 1
1600000 1
1610000 1
1620000 1
1630000 1
1640000 1
1650000 11
1660000 1
1670000 1
1680000 10
1690000 1
1700000 5
1710000 11
1720000 0
1730000 2
1740000 1
1750000 1
1760000 11
1770000 1
1780000 1
1790000 1
1800000 1
1810000 1
1820000 0
1830000 1
1840000 0
1850000 1
1860000 0
1870000 1
1880000 1
1890000 1
1900000 1
1910000 1
1920000 1
1930000 1
1940000 0
1950000 1
1960000 1
1970000 1
1980000 1
1990000 1
2000000 1
2010000 1
2020000 1
2030000 1
2040000 1
2050000 2
2060000 1
2070000 1
2080000 1
2090000 1
2100000 1
2110000 1
2120000 1
2130000 1
2140000 1
2150000 1
2160000 1
2170000 1
2180000 1
2190000 1
2200000 1
2210000 1
2220000 1
2230000 1
2240000 1
2250000 1
2260000 1
2270000 1
2280000 1
2290000 1
2300000 1
2310000 1
2320000 1
2330000 1
2340000 1
2350000 1
2360000 1
2370000 1
2380000 1
2390000 1
2400000 1
2410000 1
2420000 1
2430000 1
2440000 1
2450000 1
2460000 1
2470000 1
2480000 1
2490000 1
2500000 1
2510000 1
2520000 1
2530000 1
2540000 1
2550000 1
2560000 1
2570000 1
2580000 1
2590000 1
2600000 1
2610000 1
2620000 1
2630000 1
2640000 1
2650000 1
2660000 1
2670000 1
2680000 1
2690000 1
2700000 1
2710000 1
2720000 1
2730000 1
2740000 1
2750000 1
2760000 1
2770000 1
2780000 1
2790000 1
2800000 1
2810000 1
2820000 1
2830000 1
2840000 1
2850000 1
2860000 1
2870000 1
2880000 1
2890000 1
2900000 1
2910000 1
2920000 1
2930000 2
2940000 1
2950000 1
2960000 1
2970000 1
2980000 1
2990000 1
3000000 1
3010000 1
3020000 1
3030000 1
3040000 1
3050000 1
3060000 1
3070000 1
3080000 1
3090000 2
3100000 1
3110000 1
3120000 1
3130000 1
3140000 1
3150000 1
3160000 1
3170000 1
3180000 1
3190000 1
3200000 1
3210000 1
3220000 1
3230000 1
3240000 1
3250000 1
3260000 1
3270000 1
3280000 1
3290000 1
3300000 1
3310000 1
3320000 1
3330000 1
3340000 1
3350000 1
3360000 1
3370000 2
3380000 1
3390000 1
3400000 1
3410000 1
3420000 1
3430000 1
3440000 1
3450000 1
3460000 1
3470000 1
3480000 1
3490000 1
3500000 1
3510000 1
3520000 1
3530000 1
3540000 1
3550000 1
3560000 1
3570000 1
3580000 1
3590000 2
3600000 1
3610000 1
3620000 1
3630000 1
3640000 1
3650000 1
3660000 1
3670000 1
3680000 1
3690000 1
3700000 1
3710000 1
3720000 1
3730000 1
3740000 1
3750000 1
3760000 1
3770000 1
3780000 1
3790000 1
3800000 1
3810000 1
3820000 1
3830000 1
3840000 1
3850000 1
3860000 1
3870000 1
3880000 1
3890000 1
3900000 1
3910000 2
3920000 1
3930000 1
3940000 1
3950000 1
3960000 1
3970000 1
3980000 1
3990000 1
4000000 1
4010000 2
4020000 1
4030000 1
4040000 1
4050000 1
4060000 1
4070000 1
4080000 1
4090000 1
4100000 1
4110000 1
4120000 1
4130000 1
4140000 1
4150000 1
4160000 1
4170000 1
4180000 1
4190000 1
4200000 1
4210000 1
4220000 1
4230000 1
4240000 1
4250000 1
4260000 2
4270000 1
4280000 6
4290000 1
4300000 1
4310000 1
4320000 1
4330000 1
4340000 2
4350000 1
4360000 1
4370000 1
4380000 2
4390000 1
4400000 1
4410000 1
4420000 2
4430000 1
4440000 1
4450000 1
4460000 1
4470000 1
4480000 1
4490000 1
4500000 1
4510000 5
4520000 1
4530000 1
4540000 1
4550000 1
4560000 5
4570000 1
4580000 1
4590000 1
4600000 1
4610000 1
4620000 1
4630000 1
4640000 1
4650000 2
4660000 5
4670000 1
4680000 1
4690000 1
4700000 1
4710000 2
4720000 1
4730000 2
4740000 1
4750000 1
4760000 5
4770000 1
4780000 2
4790000 1
4800000 1
4810000 1
4820000 1
4830000 1
4840000 1
4850000 1
4860000 1
4870000 5
4880000 1
4890000 1
4900000 1
4910000 1
4920000 1
4930000 2
4940000 1
4950000 1
4960000 1
4970000 5
