10000 5548
20000 10895
30000 19489
40000 24398
50000 32514
60000 38690
70000 47783
80000 56714
90000 65655
100000 73892
110000 83419
120000 92836
130000 102373
140000 112089
150000 122758
160000 134695
170000 145900
180000 159103
190000 167824
200000 181877
210000 193027
220000 205694
230000 222663
240000 236149
250000 249103
260000 266350
270000 277548
280000 293285
290000 309701
300000 322640
310000 341448
320000 354186
330000 371012
340000 388758
350000 404369
360000 418774
370000 435128
380000 451569
390000 466853
400000 480704
410000 500247
420000 515123
430000 532818
440000 548476
450000 571563
460000 598508
470000 601626
480000 619178
490000 637484
500000 653992
510000 672523
520000 689268
530000 709336
540000 724420
550000 744210
560000 761801
570000 780963
580000 795260
590000 813242
600000 825348
610000 847263
620000 869232
630000 888527
640000 903778
650000 932632
660000 936146
670000 961002
680000 973088
690000 985561
700000 1002371
710000 1010173
720000 1042798
730000 1064544
740000 1086111
750000 1086018
760000 1113732
770000 1142079
780000 1161044
790000 1185284
800000 1195150
810000 1225638
820000 1235236
830000 1267162
840000 1316857
850000 1319930
860000 1359984
870000 1363941
880000 1413969
890000 1414396
900000 1414910
910000 1448489
920000 1457779
930000 1493988
940000 1419160
950000 1426938
960000 1442915
970000 1485252
980000 1477363
990000 1503601
1000000 1523621
1010000 1536929
1020000 1558219
1030000 1581119
1040000 1609000
1050000 1595980
1060000 1610450
1070000 1649796
1080000 1685316
1090000 1687383
1100000 1715620
1110000 1739381
1120000 1756144
1130000 1763951
1140000 1786239
1150000 1802080
1160000 1825993
1170000 1837809
1180000 1856869
1190000 1926415
1200000 1889362
1210000 1924523
1220000 1937080
1230000 3761912
1240000 2379040
1250000 2375074
1260000 2592595
1270000 2177173
1280000 2420175
1290000 2406931
1300000 2510945
1310000 2524692
1320000 2541683
1330000 2992217
1340000 2335541
1350000 2418894
1360000 2331674
1370000 2340581
1380000 2375401
1390000 2489753
1400000 2720881
1410000 2526222
1420000 2460583
1430000 2507509
1440000 2614783
1450000 2529851
1460000 2580106
1470000 2667347
1480000 2679463
1490000 2580088
1500000 3216762
1510000 3048979
1520000 2861641
1530000 2598030
1540000 2689637
1550000 2995957
1560000 2801169
1570000 3068425
1580000 2939925
1590000 3161137
1600000 3162815
1610000 2971726
1620000 2952934
1630000 2999027
1640000 2961124
1650000 2998106
1660000 3014906
1670000 3021849
1680000 3391262
1690000 3070991
1700000 3056353
1710000 3105590
1720000 3101553
1730000 3192902
1740000 3172477
1750000 3352340
1760000 3703899
1770000 3446583
1780000 3817322
1790000 3607761
1800000 3487821
1810000 3898108
1820000 3638076
1830000 3486727
1840000 3642311
1850000 3812847
1860000 3880118
1870000 3986159
1880000 3545884
1890000 3703050
1900000 3642606
1910000 3568537
1920000 3552948
1930000 3636416
1940000 3627118
1950000 3866463
1960000 3728728
1970000 3764507
1980000 3760643
1990000 4220328
2000000 4216200
2010000 4087644
2020000 3812066
2030000 3787490
2040000 3985829
2050000 4007761
2060000 3971770
2070000 4029375
2080000 4082391
2090000 4179310
2100000 4112029
2110000 4271527
2120000 4244244
2130000 4523190
2140000 4190560
2150000 4498023
2160000 4259183
2170000 4619390
2180000 4678455
2190000 4668706
2200000 4318741
2210000 4300269
2220000 4156623
2230000 4924238
2240000 4688108
2250000 4389710
2260000 4438716
2270000 4568424
2280000 4493343
2290000 4450008
2300000 4343490
2310000 4363959
2320000 4359416
2330000 4448257
2340000 4538211
2350000 4627999
2360000 4590077
2370000 4688666
2380000 4602636
2390000 4895042
2400000 5169360
2410000 4799869
2420000 4936693
2430000 4907339
2440000 4763434
2450000 4903488
2460000 4815370
2470000 4997976
2480000 4572570
2490000 4641855
2500000 4606943
2510000 4662307
2520000 4704162
2530000 4717752
2540000 4699094
2550000 4768351
2560000 4776264
2570000 4784536
2580000 4816460
2590000 4837113
2600000 4864367
2610000 4880819
2620000 4893585
2630000 4893483
2640000 4908096
2650000 4926009
2660000 4977223
2670000 5026994
2680000 5019624
2690000 5026850
2700000 5030269
2710000 5093381
2720000 5080686
2730000 5135237
2740000 5136179
2750000 5186864
2760000 5186527
2770000 5232519
2780000 5231051
2790000 5242186
2800000 5297834
2810000 5320374
2820000 5375168
2830000 5359478
2840000 5419362
2850000 5414470
2860000 5427012
2870000 5489595
2880000 5497719
2890000 5467169
2900000 5539271
2910000 5590130
2920000 5601514
2930000 5583039
2940000 5680847
2950000 5751471
2960000 5722248
2970000 5825014
2980000 5728355
2990000 5719119
3000000 5807416
3010000 5886331
3020000 5823033
3030000 5892185
3040000 5935226
3050000 5946583
3060000 5944505
3070000 5957810
3080000 5937697
3090000 5999802
3100000 6243265
3110000 6119707
3120000 6025754
3130000 6061535
3140000 6127930
3150000 6117567
3160000 6104201
3170000 6167693
3180000 6195767
3190000 6238841
3200000 6163284
3210000 6238229
3220000 6275322
3230000 6218479
3240000 6269236
3250000 6251325
3260000 6287335
3270000 7109037
3280000 7119796
3290000 7262887
3300000 7179036
3310000 7201296
3320000 7221783
3330000 7240334
3340000 7260077
3350000 7291738
3360000 7313016
3370000 7337687
3380000 7370777
3390000 7395292
3400000 7410393
3410000 7437228
3420000 7459374
3430000 7498698
3440000 7534637
3450000 7540908
3460000 7637054
3470000 7582158
3480000 7625020
3490000 7679821
3500000 7768084
3510000 7783821
3520000 7811828
3530000 6989295
3540000 6972535
3550000 6992875
3560000 7064309
3570000 7104703
3580000 7027233
3590000 7114981
3600000 7115929
3610000 7139670
3620000 7174058
3630000 7152949
3640000 7245865
3650000 7273266
3660000 7271254
3670000 7243117
3680000 7274560
3690000 7327138
3700000 7325617
3710000 7361044
3720000 7341395
3730000 7390801
3740000 7646673
3750000 7476737
3760000 7589699
3770000 7623140
3780000 7685031
3790000 7911779
3800000 7635926
3810000 7636796
3820000 7725658
3830000 7737781
3840000 7707844
3850000 7713047
3860000 7789119
3870000 7708649
3880000 7799444
3890000 7768090
3900000 7856350
3910000 7900467
3920000 7920255
3930000 7889584
3940000 7945668
3950000 7970146
3960000 8023340
3970000 8164556
3980000 8016908
3990000 8012832
4000000 8100714
4010000 8064154
4020000 8115516
4030000 8097502
4040000 8132887
4050000 8132727
4060000 8394750
4070000 8211759
4080000 8264619
4090000 8399978
4100000 8347270
4110000 8341257
4120000 8388165
4130000 8380587
4140000 8376791
4150000 9666238
4160000 11299819
4170000 12025956
4180000 9708271
4190000 11139165
4200000 11357531
4210000 12517528
4220000 10674030
4230000 10968201
4240000 11362637
4250000 10637846
4260000 10165324
4270000 11727625
4280000 9928640
4290000 9942918
4300000 10024947
4310000 9866330
4320000 10070358
4330000 9914183
4340000 10364188
4350000 9982179
4360000 10202122
4370000 10066986
4380000 10181327
4390000 10178672
4400000 10264144
4410000 10188362
4420000 10573561
4430000 10458225
4440000 10437382
4450000 10542975
4460000 10552019
4470000 9676206
4480000 10451649
4490000 10649246
4500000 10621517
4510000 10664507
4520000 11295580
4530000 10796356
4540000 11332280
4550000 10185451
4560000 9278557
4570000 11106006
4580000 11236957
4590000 10700432
4600000 10739880
4610000 10743004
4620000 10764271
4630000 10785838
4640000 10816695
4650000 10908642
4660000 10961811
4670000 10958028
4680000 11021192
4690000 11071338
4700000 11102874
4710000 11133476
4720000 11136795
4730000 11215823
4740000 11259616
4750000 11293760
4760000 11318714
4770000 11314106
4780000 12158800
4790000 11627916
4800000 10731365
4810000 12008826
4820000 11410859
4830000 10469846
4840000 11985053
4850000 12019992
4860000 11998349
4870000 12131085
4880000 12166904
4890000 12188186
4900000 12209563
4910000 10945557
4920000 11712407
4930000 13057438
4940000 12959169
4950000 11552959
4960000 13332883
4970000 13054019
4980000 12581485
