15 100 62
18 100 57
21 100 65
24 100 69
27 100 69
30 100 111
33 100 75
36 100 84
39 100 87
42 100 87
45 100 89
48 100 158
51 100 101
54 100 109
57 100 101
60 100 111
63 100 127
66 100 153
69 100 118
72 100 119
75 100 127
33 500 222
50 500 232
67 500 289
84 500 345
101 500 379
118 500 433
135 500 466
152 500 529
169 500 572
186 500 608
203 500 685
220 500 757
237 500 1217
254 500 1240
271 500 777
288 500 821
305 500 868
322 500 894
339 500 910
356 500 967
373 500 999
48 1000 353
83 1000 527
118 1000 986
153 1000 1000
188 1000 1548
223 1000 1312
258 1000 1353
293 1000 1405
328 1000 1537
363 1000 1635
398 1000 1761
433 1000 1915
