10000 87
20000 242
30000 326
40000 95
50000 649
60000 606
70000 406
80000 572
90000 511
100000 347
110000 235
120000 474
130000 1008
140000 2027
150000 860
160000 2558
170000 2701
180000 1927
190000 521
200000 2507
210000 223
220000 4807
230000 4410
240000 3119
250000 4556
260000 1479
270000 4968
280000 510
290000 2411
300000 2291
310000 2582
320000 5546
330000 1249
340000 1578
350000 965
360000 1497
370000 9111
380000 8301
390000 4362
400000 8615
410000 11199
420000 1932
430000 11164
440000 9033
450000 6975
460000 13376
470000 7794
480000 6426
490000 5280
500000 9915
510000 11275
520000 6778
530000 15870
540000 10209
550000 13011
560000 6366
570000 3008
580000 4521
590000 17880
600000 17754
610000 45
620000 12820
630000 13329
640000 19630
650000 18300
660000 6303
670000 4101
680000 14615
690000 3762
700000 14707
710000 10704
720000 1741
730000 17462
740000 3654
750000 13503
760000 3217
770000 8565
780000 17244
790000 21242
800000 1944
810000 3942
820000 15075
830000 8880
840000 3210
850000 25010
860000 9542
870000 208
880000 11010
890000 22149
900000 25730
910000 4866
920000 21550
930000 10328
940000 905
950000 30714
960000 10327
970000 88
980000 6177
990000 14635
1000000 7499
1010000 35201
1020000 28049
1030000 5388
1040000 14223
1050000 8292
1060000 33891
1070000 82
1080000 25203
1090000 7925
1100000 32562
1110000 34654
1120000 434
1130000 17680
1140000 309
1150000 2476
1160000 20369
1170000 13836
1180000 3478
1190000 40895
1200000 29269
1210000 35353
1220000 24612
1230000 37824
1240000 6134
1250000 40584
1260000 22430
1270000 27519
1280000 20964
1290000 16718
1300000 22034
1310000 35351
1320000 40775
1330000 2776
1340000 38008
1350000 5751
1360000 12229
1370000 7180
1380000 14795
1390000 41320
1400000 20589
1410000 38740
1420000 691
1430000 22110
1440000 7129
1450000 24192
1460000 31855
1470000 249
1480000 41384
1490000 6177
1500000 23412
1510000 55661
1520000 45887
1530000 58035
1540000 35107
1550000 7811
1560000 56776
1570000 707
1580000 31616
1590000 16570
1600000 18520
1610000 41349
1620000 54955
1630000 15954
1640000 5090
1650000 10888
1660000 13540
1670000 1839
1680000 7645
1690000 86693
1700000 56
1710000 12169
1720000 19614
1730000 26632
1740000 29804
1750000 50767
1760000 64693
1770000 57658
1780000 3918
1790000 39398
1800000 43246
1810000 62391
1820000 49491
1830000 7132
1840000 39498
1850000 21213
1860000 21650
1870000 20070
1880000 13193
1890000 13139
1900000 7368
1910000 4953
1920000 13043
1930000 20116
1940000 21882
1950000 25432
1960000 57026
1970000 49834
1980000 9577
1990000 39054
2000000 87500
2010000 62488
2020000 83764
2030000 57843
2040000 67960
2050000 57240
2060000 683
2070000 67951
2080000 2808
2090000 15043
2100000 61184
2110000 28782
2120000 2677
2130000 10406
2140000 52992
2150000 29321
2160000 27223
2170000 40141
2180000 43171
2190000 30536
2200000 17691
2210000 6496
2220000 2891
2230000 86558
2240000 69916
2250000 41284
2260000 9045
2270000 64879
2280000 22349
2290000 13795
2300000 18659
2310000 71547
2320000 52261
2330000 87933
2340000 5755
2350000 37201
2360000 22050
2370000 69109
2380000 52943
2390000 88062
2400000 93576
2410000 94126
2420000 18438
2430000 35595
2440000 29686
2450000 70897
2460000 17811
2470000 42768
2480000 41920
2490000 84499
2500000 21151
2510000 111037
2520000 61591
2530000 101783
2540000 69319
2550000 56716
2560000 8854
2570000 83065
2580000 30705
2590000 37066
2600000 40998
2610000 118941
2620000 73653
2630000 18413
2640000 43282
2650000 90265
2660000 99899
2670000 121888
2680000 77494
2690000 24720
2700000 25938
2710000 116674
2720000 107001
2730000 30137
2740000 63009
2750000 107481
2760000 50584
2770000 14396
2780000 90884
2790000 127803
2800000 54328
2810000 45126
2820000 21921
2830000 75820
2840000 36358
2850000 122374
2860000 61285
2870000 761
2880000 122026
2890000 52385
2900000 132888
2910000 93873
2920000 52046
2930000 53242
2940000 81573
2950000 121096
2960000 97090
2970000 42959
2980000 50401
2990000 26038
3000000 126617
3010000 66704
3020000 58618
3030000 33247
3040000 114581
3050000 111927
3060000 138469
3070000 89941
3080000 133518
3090000 36044
3100000 19790
3110000 22664
3120000 52600
3130000 92937
3140000 90548
3150000 2387
3160000 29635
3170000 86836
3180000 71525
3190000 63189
3200000 117651
3210000 15129
3220000 5038
3230000 45807
3240000 26283
3250000 37394
3260000 57432
3270000 92722
3280000 35323
3290000 42037
3300000 122457
3310000 130189
3320000 123619
3330000 45747
3340000 47240
3350000 86193
3360000 128261
3370000 11319
3380000 77918
3390000 55407
3400000 71417
3410000 45180
3420000 44980
3430000 5054
3440000 65263
3450000 41785
3460000 141234
3470000 44328
3480000 40892
3490000 13504
3500000 122607
3510000 96674
3520000 40549
3530000 129324
3540000 17835
3550000 19118
3560000 172246
3570000 119386
3580000 132189
3590000 106634
3600000 172817
3610000 59321
3620000 44143
3630000 141001
3640000 89386
3650000 36813
3660000 144141
3670000 58125
3680000 90257
3690000 90670
3700000 111019
3710000 9376
3720000 62329
3730000 175568
3740000 59046
3750000 21280
3760000 178594
3770000 163164
3780000 159629
3790000 61219
3800000 147849
3810000 61806
3820000 14128
3830000 1114
3840000 84741
3850000 15118
3860000 151999
3870000 8039
3880000 153577
3890000 154347
3900000 62469
3910000 91200
3920000 134506
3930000 174926
3940000 39743
3950000 59973
3960000 182883
3970000 88242
3980000 144607
3990000 39676
4000000 158448
4010000 135469
4020000 132170
4030000 201539
4040000 42714
4050000 92141
4060000 49701
4070000 52067
4080000 74457
4090000 73257
4100000 140304
4110000 61396
4120000 160544
4130000 116398
4140000 129657
4150000 28770
4160000 176351
4170000 6944
4180000 62227
4190000 188098
4200000 189269
4210000 39369
4220000 93585
4230000 155346
4240000 174337
4250000 14224
4260000 7943
4270000 133040
4280000 149884
4290000 90793
4300000 30405
4310000 81801
4320000 201642
4330000 196560
4340000 1875
4350000 207721
4360000 219894
4370000 220678
4380000 98280
4390000 40888
4400000 191564
4410000 90153
4420000 14975
4430000 3531
4440000 99959
4450000 63617
4460000 145802
4470000 82942
4480000 87055
4490000 74594
4500000 26242
4510000 105247
4520000 89916
4530000 169
4540000 225537
4550000 134153
4560000 40639
4570000 18602
4580000 190061
4590000 221
4600000 56777
4610000 14637
4620000 37626
4630000 10645
4640000 163770
4650000 99660
4660000 183922
4670000 137488
4680000 7798
4690000 55779
4700000 6190
4710000 185454
4720000 223009
4730000 8936
4740000 143461
4750000 17299
4760000 133649
4770000 14081
4780000 9307
4790000 219690
4800000 238568
4810000 108562
4820000 108429
4830000 33666
4840000 73232
4850000 58518
4860000 160549
4870000 221340
4880000 49235
4890000 65310
4900000 161130
4910000 170569
4920000 168814
4930000 257797
4940000 208292
4950000 42239
4960000 208233
4970000 327506
