15 100 80
18 100 98
21 100 101
24 100 131
27 100 147
30 100 158
33 100 180
36 100 178
39 100 225
42 100 226
45 100 239
48 100 256
51 100 286
54 100 295
57 100 340
60 100 361
63 100 371
66 100 385
69 100 417
72 100 429
75 100 550
33 500 229
50 500 325
67 500 461
84 500 558
101 500 717
118 500 875
135 500 1066
152 500 1406
169 500 1526
186 500 1743
203 500 1972
220 500 2257
237 500 2545
254 500 2724
271 500 3094
288 500 3273
305 500 3500
322 500 3971
339 500 4477
356 500 4999
373 500 5429
48 1000 361
83 1000 663
118 1000 939
153 1000 1285
188 1000 1829
223 1000 2264
258 1000 2906
293 1000 3506
328 1000 4175
363 1000 5204
398 1000 5456
433 1000 6199
468 1000 7207
503 1000 8738
538 1000 9135
573 1000 10620
608 1000 12643
643 1000 13222
678 1000 14860
713 1000 16105
748 1000 16320
67 2000 601
138 2000 1291
209 2000 2215
280 2000 3381
351 2000 4904
422 2000 6445
493 2000 8529
564 2000 10540
635 2000 13598
706 2000 16049
777 2000 17684
848 2000 21344
919 2000 24139
990 2000 30503
1061 2000 32326
1132 2000 35559
1203 2000 38331
1274 2000 44816
1345 2000 53304
1416 2000 54778
1487 2000 60370
94 4000 1004
239 4000 3024
384 4000 5514
529 4000 9891
674 4000 14958
819 4000 23739
964 4000 30746
1109 4000 35240
1254 4000 47340
1399 4000 54703
1544 4000 66802
1689 4000 74741
1834 4000 87223
1979 4000 105353
2124 4000 115443
2269 4000 134293
2414 4000 153105
2559 4000 170864
2704 4000 178291
2849 4000 198656
2994 4000 229477
115 6000 1454
334 6000 4829
553 6000 10092
772 6000 18885
991 6000 29679
1210 6000 43054
1429 6000 55441
1648 6000 74094
1867 6000 90371
2086 6000 114444
2305 6000 138108
2524 6000 161972
2743 6000 199686
2962 6000 217474
3181 6000 251204
3400 6000 283435
3619 6000 312834
3838 6000 368183
4057 6000 402843
4276 6000 454686
4495 6000 494583
150 10000 2401
517 10000 9467
884 10000 25940
1251 10000 46812
1618 10000 71253
1985 10000 98905
2352 10000 145237
2719 10000 184265
3086 10000 237563
3453 10000 292202
3820 10000 352031
4187 10000 421491
4554 10000 507724
4921 10000 584738
5288 10000 693629
5655 10000 784264
6022 10000 871971
6389 10000 1012354
6756 10000 1109907
7123 10000 1263303
7490 10000 1398578
183 15000 3101
736 15000 17800
1289 15000 47840
1842 15000 89828
2395 15000 148042
2948 15000 222140
3501 15000 310475
4054 15000 406512
4607 15000 499577
5160 15000 635722
5713 15000 779262
6266 15000 950346
6819 15000 1148013
7372 15000 1364480
7925 15000 1523470
8478 15000 1784919
9031 15000 2011702
9584 15000 2223014
10137 15000 2509101
10690 15000 2861193
11243 15000 3174247
211 20000 4452
950 20000 29815
1689 20000 76130
2428 20000 144595
3167 20000 255288
3906 20000 369914
4645 20000 531725
5384 20000 711694
6123 20000 944573
6862 20000 1194699
7601 20000 1514393
8340 20000 1703232
9079 20000 2469060
9818 20000 2374000
10557 20000 2990413
11296 20000 3599864
12035 20000 3780119
12774 20000 4189307
13513 20000 4776990
14252 20000 5274473
14991 20000 5949378
237 25000 4901
1162 25000 41781
2087 25000 111915
3012 25000 231885
3937 25000 406257
4862 25000 587862
5787 25000 829443
6712 25000 1123900
7637 25000 1427934
8562 25000 1768169
9487 25000 2372383
10412 25000 2708384
11337 25000 3303085
12262 25000 3948802
13187 25000 4630471
14112 25000 5254739
15037 25000 6025051
15962 25000 6775557
16887 25000 7550124
17812 25000 8731415
18737 25000 9856691
259 30000 5926
1371 30000 58163
2483 30000 178141
3595 30000 328408
4707 30000 544875
5819 30000 823238
6931 30000 1213753
8043 30000 1659107
9155 30000 2154131
10267 30000 2777049
11379 30000 3393851
12491 30000 4118107
13603 30000 4847840
14715 30000 6003485
15827 30000 6853803
16939 30000 7761450
18051 30000 9017333
19163 30000 10235445
20275 30000 11454855
21387 30000 12822807
22499 30000 14085034
280 35000 7329
1578 35000 72314
2876 35000 215628
4174 35000 429762
5472 35000 741003
6770 35000 1170901
8068 35000 1655225
9366 35000 2290359
10664 35000 3054270
11962 35000 3806466
13260 35000 4736305
14558 35000 5482665
15856 35000 6881706
17154 35000 8223679
18452 35000 9473389
19750 35000 10720392
21048 35000 12273299
22346 35000 14056303
23644 35000 15745336
24942 35000 16933656
26240 35000 19397811
300 40000 7334
1785 40000 95222
3270 40000 279149
4755 40000 566083
6240 40000 999189
7725 40000 1550536
9210 40000 2219062
10695 40000 3003765
12180 40000 4049699
13665 40000 4969555
15150 40000 6377068
16635 40000 7812281
18120 40000 9286064
19605 40000 10907490
21090 40000 12790165
22575 40000 14346248
24060 40000 16359152
25545 40000 18784319
27030 40000 21514452
28515 40000 23805912
30000 40000 26281694
318 45000 8565
1989 45000 106650
3660 45000 339610
5331 45000 712471
7002 45000 1256552
8673 45000 2037941
10344 45000 2893459
12015 45000 3892550
13686 45000 5307756
15357 45000 6641841
17028 45000 8317518
18699 45000 10175780
20370 45000 11991065
22041 45000 14329565
23712 45000 16086890
25383 45000 18669784
27054 45000 21340929
28725 45000 24406316
30396 45000 26242265
32067 45000 30138399
33738 45000 33045807
336 50000 9275
2194 50000 130651
4052 50000 410549
5910 50000 889090
7768 50000 1446219
9626 50000 2557462
11484 50000 3646007
13342 50000 5161262
15200 50000 6446836
17058 50000 8173910
18916 50000 10500892
20774 50000 12697756
22632 50000 13530233
24490 50000 17629014
26348 50000 19746175
28206 50000 23258982
30064 50000 26134873
31922 50000 30353002
33780 50000 34021761
35638 50000 37299810
37496 50000 42257553
352 55000 10179
2396 55000 155970
4440 55000 522302
6484 55000 1092183
8528 55000 2018925
10572 55000 3183583
12616 55000 4609405
14660 55000 6084627
16704 55000 7663450
18748 55000 10527138
20792 55000 13426064
22836 55000 15691573
24880 55000 18783174
26924 55000 22731610
28968 55000 23732394
31012 55000 29929297
33056 55000 32984915
35100 55000 37806279
37144 55000 43479329
39188 55000 46835846
41232 55000 52133407
367 60000 10879
2598 60000 179362
4829 60000 598614
7060 60000 1334976
9291 60000 2310512
11522 60000 3703654
13753 60000 5429368
15984 60000 6726417
18215 60000 9975597
20446 60000 11703131
22677 60000 16041233
24908 60000 19619044
27139 60000 21150681
29370 60000 27610376
31601 60000 31759117
33832 60000 36852128
36063 60000 41574831
38294 60000 46378145
40525 60000 51360046
42756 60000 58138421
44987 60000 65032469
