10000 2230
20000 5230
30000 8203
40000 11443
50000 16359
60000 18709
70000 22064
80000 26880
90000 31564
100000 37443
110000 46708
120000 48847
130000 58208
140000 63189
150000 68988
160000 76180
170000 84553
180000 92043
190000 104190
200000 107437
210000 115004
220000 122542
230000 132274
240000 138867
250000 149487
260000 156723
270000 162618
280000 170337
290000 185554
300000 193496
310000 200043
320000 210552
330000 215097
340000 226752
350000 243223
360000 301960
370000 271358
380000 301141
390000 284520
400000 365466
410000 319544
420000 326001
430000 325947
440000 320780
450000 346588
460000 352087
470000 343392
480000 484811
490000 394561
500000 519249
510000 493956
520000 410974
530000 401078
540000 457320
550000 581310
560000 476535
570000 479635
580000 462963
590000 465797
600000 509958
610000 489416
620000 573308
630000 583335
640000 516966
650000 538662
660000 544262
670000 589150
680000 570345
690000 698332
700000 620999
710000 683529
720000 666532
730000 617083
740000 634638
750000 648370
760000 654475
770000 692184
780000 677749
790000 689136
800000 683197
810000 696896
820000 717856
830000 811394
840000 849366
850000 758363
860000 775747
870000 774347
880000 809349
890000 797270
900000 824628
910000 817133
920000 836652
930000 853870
940000 867118
950000 877610
960000 889459
970000 889135
980000 910541
990000 911531
1000000 937258
1010000 946364
1020000 958530
1030000 954789
1040000 971236
1050000 990766
1060000 994397
1070000 1012626
1080000 1032761
1090000 1019707
1100000 1046409
1110000 1057523
1120000 1059506
1130000 1075509
1140000 1106403
1150000 1089856
1160000 1111146
1170000 1171483
1180000 1127669
1190000 1154785
1200000 1159905
1210000 1159136
1220000 1202598
1230000 1201228
1240000 1186693
1250000 1224451
1260000 1235471
1270000 1235876
1280000 1478666
1290000 1488613
1300000 1502445
1310000 1509763
1320000 1530013
1330000 1538775
1340000 1558096
1350000 1398738
1360000 1356511
1370000 1361832
1380000 1384774
1390000 1388434
1400000 1407734
1410000 1481746
1420000 1716511
1430000 1807398
1440000 1979835
1450000 1969701
1460000 1787679
1470000 1467553
1480000 1675140
1490000 1717319
1500000 1607891
1510000 1802983
1520000 1809203
1530000 1851410
1540000 1881945
1550000 1621897
1560000 2044758
1570000 1830862
1580000 1673393
1590000 1640716
1600000 1640433
1610000 2106531
1620000 2005635
1630000 2377322
1640000 1997342
1650000 1952711
1660000 2525675
1670000 2276732
1680000 2348812
1690000 2547651
1700000 2501715
1710000 2435709
1720000 1854708
1730000 1973334
1740000 2046211
1750000 1854014
1760000 2219963
1770000 2070841
1780000 2240174
1790000 2089378
1800000 1887328
1810000 1871537
1820000 1913027
1830000 1921450
1840000 1945000
1850000 1921793
1860000 1963322
1870000 1943709
1880000 2343616
1890000 2340249
1900000 2381366
1910000 1999427
1920000 2038649
1930000 2022766
1940000 2061210
1950000 2046171
1960000 2091168
1970000 2459345
1980000 2508076
1990000 2493068
2000000 2543021
2010000 2637748
2020000 2570898
2030000 2550004
2040000 2588777
2050000 2582505
2060000 2631538
2070000 2610413
2080000 2660503
2090000 2653680
2100000 2697118
2110000 2672392
2120000 2736169
2130000 2709279
2140000 2757219
2150000 2738864
2160000 2810690
2170000 2798842
2180000 2811395
2190000 2830639
2200000 2834935
2210000 2853699
2220000 2862873
2230000 2879647
2240000 2893682
2250000 2920413
2260000 2939440
2270000 2951526
2280000 2959897
2290000 2984169
2300000 2998681
2310000 3023624
2320000 3051192
2330000 3034901
2340000 3070124
2350000 3076934
2360000 3090245
2370000 3135911
2380000 3173818
2390000 3155690
2400000 3225780
2410000 3180765
2420000 3212676
2430000 3203763
2440000 3221157
2450000 3251343
2460000 3245494
2470000 3260233
2480000 3278199
2490000 3299387
2500000 3311064
2510000 3348257
2520000 3351726
2530000 3352197
2540000 3373347
2550000 3398176
2560000 3406104
2570000 3418520
2580000 3431597
2590000 3457733
2600000 3505028
2610000 3687617
2620000 3704854
2630000 3724108
2640000 3745307
2650000 3748933
2660000 3767900
2670000 3787574
2680000 3575814
2690000 3600784
2700000 3608384
2710000 3837897
2720000 3649120
2730000 3665722
2740000 3675590
2750000 3680565
2760000 3686866
2770000 3961237
2780000 3771109
2790000 3725633
2800000 3762154
2810000 3776389
2820000 3777738
2830000 3801599
2840000 3810255
2850000 3838444
2860000 3858533
2870000 3854954
2880000 3876639
2890000 3897345
2900000 3898003
2910000 3917585
2920000 3931694
2930000 3940860
2940000 3960140
2950000 3978288
2960000 4011133
2970000 4006629
2980000 4028587
2990000 4054824
3000000 4062163
3010000 4065455
3020000 4086200
3030000 4103784
3040000 4114418
3050000 4138132
3060000 4142066
3070000 4811258
3080000 4183780
3090000 3540406
3100000 3561975
3110000 3581602
3120000 3595084
3130000 3599775
3140000 3621683
3150000 3630801
3160000 3655914
3170000 3655878
3180000 3674310
3190000 3694160
3200000 3716778
3210000 3727080
3220000 3722989
3230000 3738050
3240000 3758829
3250000 3762525
3260000 3779284
3270000 4191384
3280000 3802580
3290000 3820161
3300000 3840514
3310000 3847511
3320000 3862723
3330000 3881440
3340000 3897230
3350000 3904147
3360000 3924384
3370000 3948169
3380000 3947322
3390000 3978570
3400000 3966732
3410000 4003390
3420000 3994828
3430000 4000699
3440000 4019545
3450000 4033546
3460000 4044670
3470000 4064342
3480000 4078595
3490000 4092086
3500000 4109456
3510000 4121902
3520000 4880377
3530000 4900931
3540000 4919165
3550000 4935929
3560000 4962261
3570000 4981612
3580000 5005963
3590000 5007491
3600000 5024224
3610000 5034557
3620000 5052969
3630000 5066161
3640000 5094598
3650000 5104035
3660000 5116044
3670000 5131264
3680000 5151354
3690000 5171567
3700000 5196612
3710000 5202677
3720000 5216030
3730000 5241867
3740000 5257268
3750000 5273762
3760000 5322792
3770000 5311550
3780000 5311174
3790000 5341905
3800000 5352738
3810000 5368000
3820000 5398834
3830000 5399868
3840000 5418921
3850000 5449203
3860000 5457111
3870000 5462029
3880000 5489822
3890000 5517162
3900000 5523863
3910000 5540812
3920000 5553605
3930000 5579860
3940000 5610014
3950000 5612357
3960000 5625363
3970000 5660442
3980000 5662137
3990000 5677640
4000000 5701184
4010000 5697537
4020000 5712264
4030000 5734217
4040000 5743804
4050000 5758830
4060000 5782386
4070000 5803151
4080000 5816654
4090000 5832316
4100000 5852615
4110000 5879776
4120000 5887664
4130000 5897563
4140000 5923302
4150000 5935809
4160000 5977019
4170000 5985340
4180000 5997845
4190000 6007002
4200000 6038319
4210000 6042396
4220000 6082758
4230000 6098718
4240000 6110188
4250000 6111735
4260000 6126963
4270000 6148496
4280000 6158255
4290000 6194377
4300000 6218167
4310000 6222423
4320000 6234306
4330000 6261937
4340000 6274291
4350000 6288946
4360000 6298389
4370000 6314353
4380000 6337338
4390000 6347759
4400000 6396594
4410000 6383772
4420000 6417241
4430000 6437495
4440000 6415180
4450000 6478642
4460000 6487227
4470000 6490827
4480000 6525160
4490000 6531287
4500000 6572243
4510000 6619283
4520000 6593138
4530000 6652740
4540000 6609078
4550000 6640237
4560000 6643620
4570000 6674270
4580000 6699986
4590000 6702348
4600000 6726496
4610000 6722593
4620000 6755353
4630000 6750136
4640000 6762981
4650000 6790374
4660000 6835066
4670000 6828779
4680000 6839828
4690000 6886660
4700000 6880807
4710000 6881609
4720000 6947090
4730000 6959022
4740000 6944022
4750000 7027762
4760000 6980373
4770000 7046028
4780000 7017495
4790000 7031667
4800000 7064210
4810000 7062064
4820000 7091653
4830000 7182315
4840000 7156945
4850000 7147677
4860000 7211968
4870000 7173880
4880000 7232646
4890000 7211222
4900000 7244201
4910000 7278623
4920000 7246162
4930000 7275324
4940000 7345416
4950000 7303166
4960000 7780983
