10000 0
20000 1
30000 0
40000 0
50000 0
60000 1
70000 1
80000 1
90000 1
100000 2
110000 1
120000 2
130000 1
140000 2
150000 2
160000 1
170000 2
180000 2
190000 2
200000 2
210000 2
220000 3
230000 2
240000 2
250000 2
260000 2
270000 2
280000 2
290000 2
300000 2
310000 1
320000 1
330000 2
340000 2
350000 1
360000 1
370000 1
380000 1
390000 1
400000 1
410000 2
420000 1
430000 1
440000 1
450000 1
460000 1
470000 1
480000 1
490000 2
500000 2
510000 1
520000 1
530000 1
540000 2
550000 1
560000 2
570000 1
580000 1
590000 1
600000 2
610000 1
620000 10
630000 1
640000 2
650000 1
660000 1
670000 1
680000 1
690000 1
700000 1
710000 1
720000 2
730000 2
740000 1
750000 1
760000 2
770000 1
780000 2
790000 2
800000 2
810000 1
820000 2
830000 1
840000 2
850000 1
860000 1
870000 2
880000 3
890000 2
900000 2
910000 2
920000 2
930000 1
940000 2
950000 2
960000 1
970000 1
980000 2
990000 2
1000000 2
1010000 2
1020000 2
1030000 1
1040000 1
1050000 2
1060000 2
1070000 2
1080000 2
1090000 2
1100000 2
1110000 2
1120000 1
1130000 2
1140000 2
1150000 2
1160000 2
1170000 1
1180000 1
1190000 2
1200000 2
1210000 1
1220000 2
1230000 2
1240000 1
1250000 2
1260000 2
1270000 2
1280000 2
1290000 2
1300000 1
1310000 2
1320000 2
1330000 2
1340000 1
1350000 1
1360000 1
1370000 1
1380000 1
1390000 2
1400000 1
1410000 1
1420000 1
1430000 1
1440000 1
1450000 1
1460000 1
1470000 2
1480000 1
1490000 1
1500000 1
1510000 4
1520000 2
1530000 2
1540000 1
1550000 1
1560000 2
1570000 1
1580000 1
1590000 1
1600000 1
1610000 1
1620000 1
1630000 1
1640000 3
1650000 1
1660000 2
1670000 2
1680000 2
1690000 1
1700000 1
1710000 1
1720000 1
1730000 1
1740000 2
1750000 1
1760000 1
1770000 1
1780000 1
1790000 1
1800000 1
1810000 1
1820000 1
1830000 1
1840000 1
1850000 1
1860000 1
1870000 1
1880000 1
1890000 1
1900000 1
1910000 1
1920000 1
1930000 1
1940000 1
1950000 1
1960000 1
1970000 1
1980000 1
1990000 1
2000000 1
2010000 1
2020000 1
2030000 1
2040000 1
2050000 1
2060000 1
2070000 1
2080000 1
2090000 1
2100000 1
2110000 1
2120000 1
2130000 1
2140000 1
2150000 1
2160000 1
2170000 1
2180000 1
2190000 1
2200000 1
2210000 1
2220000 1
2230000 1
2240000 1
2250000 1
2260000 1
2270000 1
2280000 1
2290000 1
2300000 1
2310000 1
2320000 1
2330000 1
2340000 1
2350000 1
2360000 1
2370000 1
2380000 1
2390000 1
2400000 1
2410000 1
2420000 1
2430000 1
2440000 1
2450000 1
2460000 2
2470000 1
2480000 1
2490000 1
2500000 1
2510000 1
2520000 1
2530000 1
2540000 1
2550000 1
2560000 1
2570000 1
2580000 1
2590000 1
2600000 1
2610000 1
2620000 1
2630000 1
2640000 1
2650000 1
2660000 1
2670000 1
2680000 1
2690000 1
2700000 1
2710000 1
2720000 1
2730000 1
2740000 1
2750000 1
2760000 1
2770000 1
2780000 1
2790000 1
2800000 1
2810000 1
2820000 1
2830000 1
2840000 1
2850000 1
2860000 1
2870000 1
2880000 1
2890000 1
2900000 1
2910000 1
2920000 1
2930000 1
2940000 1
2950000 1
2960000 1
2970000 2
2980000 1
2990000 1
3000000 1
3010000 1
3020000 1
3030000 1
3040000 1
3050000 1
3060000 1
3070000 2
3080000 2
3090000 1
3100000 1
3110000 1
3120000 1
3130000 1
3140000 1
3150000 1
3160000 1
3170000 1
3180000 1
3190000 1
3200000 1
3210000 1
3220000 1
3230000 1
3240000 1
3250000 1
3260000 1
3270000 1
3280000 1
3290000 1
3300000 1
3310000 1
3320000 1
3330000 1
3340000 1
3350000 1
3360000 1
3370000 1
3380000 1
3390000 1
3400000 1
3410000 2
3420000 1
3430000 1
3440000 1
3450000 1
3460000 1
3470000 1
3480000 1
3490000 1
3500000 1
3510000 1
3520000 1
3530000 2
3540000 1
3550000 1
3560000 2
3570000 2
3580000 1
3590000 1
3600000 1
3610000 2
3620000 1
3630000 2
3640000 1
3650000 1
3660000 2
3670000 1
3680000 1
3690000 1
3700000 1
3710000 1
3720000 1
3730000 1
3740000 1
3750000 1
3760000 2
3770000 1
3780000 1
3790000 2
3800000 1
3810000 1
3820000 1
3830000 1
3840000 1
3850000 1
3860000 1
3870000 1
3880000 2
3890000 1
3900000 1
3910000 1
3920000 1
3930000 1
3940000 1
3950000 1
3960000 1
3970000 1
3980000 1
3990000 1
4000000 1
4010000 1
4020000 1
4030000 1
4040000 1
4050000 1
4060000 1
4070000 1
4080000 1
4090000 2
4100000 1
4110000 1
4120000 1
4130000 1
4140000 1
4150000 1
4160000 1
4170000 1
4180000 1
4190000 1
4200000 2
4210000 1
4220000 1
4230000 1
4240000 1
4250000 1
4260000 1
4270000 8
4280000 1
4290000 1
4300000 2
4310000 1
4320000 1
4330000 1
4340000 1
4350000 1
4360000 1
4370000 1
4380000 2
4390000 1
4400000 1
4410000 1
4420000 1
4430000 1
4440000 1
4450000 1
4460000 2
4470000 1
4480000 1
4490000 1
4500000 10
4510000 2
4520000 7
4530000 2
4540000 1
4550000 7
4560000 2
4570000 1
4580000 1
4590000 1
4600000 2
4610000 1
4620000 2
4630000 1
4640000 1
4650000 7
4660000 2
4670000 1
4680000 1
4690000 1
4700000 2
4710000 1
4720000 2
4730000 2
4740000 2
4750000 8
4760000 1
4770000 2
4780000 1
4790000 1
4800000 1
4810000 1
4820000 1
4830000 2
4840000 1
4850000 1
4860000 3
4870000 1
4880000 1
4890000 1
4900000 1
4910000 2
4920000 1
4930000 1
4940000 1
4950000 7
4960000 2
