10000 1
20000 1
30000 1
40000 1
50000 1
60000 1
70000 1
80000 1
90000 1
100000 1
110000 1
120000 2
130000 1
140000 2
150000 2
160000 2
170000 2
180000 2
190000 3
200000 2
210000 2
220000 2
230000 2
240000 2
250000 2
260000 3
270000 3
280000 3
290000 2
300000 3
310000 2
320000 2
330000 2
340000 3
350000 3
360000 2
370000 2
380000 1
390000 2
400000 1
410000 1
420000 2
430000 1
440000 1
450000 2
460000 2
470000 1
480000 3
490000 2
500000 2
510000 3
520000 1
530000 2
540000 2
550000 3
560000 2
570000 4
580000 2
590000 2
600000 3
610000 3
620000 2
630000 2
640000 3
650000 3
660000 2
670000 3
680000 2
690000 2
700000 2
710000 2
720000 1
730000 2
740000 2
750000 2
760000 2
770000 2
780000 2
790000 2
800000 1
810000 3
820000 2
830000 2
840000 2
850000 2
860000 2
870000 2
880000 3
890000 2
900000 3
910000 2
920000 1
930000 2
940000 2
950000 2
960000 2
970000 2
980000 2
990000 2
1000000 2
1010000 2
1020000 2
1030000 2
1040000 1
1050000 2
1060000 2
1070000 3
1080000 2
1090000 3
1100000 2
1110000 3
1120000 3
1130000 2
1140000 3
1150000 3
1160000 3
1170000 2
1180000 2
1190000 1
1200000 2
1210000 2
1220000 3
1230000 3
1240000 3
1250000 3
1260000 3
1270000 3
1280000 3
1290000 3
1300000 2
1310000 3
1320000 3
1330000 4
1340000 3
1350000 3
1360000 2
1370000 2
1380000 2
1390000 3
1400000 2
1410000 3
1420000 2
1430000 1
1440000 2
1450000 3
1460000 3
1470000 2
1480000 3
1490000 2
1500000 2
1510000 3
1520000 3
1530000 3
1540000 2
1550000 2
1560000 2
1570000 3
1580000 2
1590000 3
1600000 3
1610000 2
1620000 3
1630000 2
1640000 2
1650000 2
1660000 3
1670000 2
1680000 2
1690000 2
1700000 14
1710000 2
1720000 2
1730000 3
1740000 2
1750000 2
1760000 2
1770000 2
1780000 3
1790000 2
1800000 1
1810000 1
1820000 1
1830000 2
1840000 1
1850000 1
1860000 1
1870000 1
1880000 2
1890000 2
1900000 2
1910000 1
1920000 1
1930000 1
1940000 1
1950000 2
1960000 1
1970000 2
1980000 2
1990000 2
2000000 2
2010000 2
2020000 2
2030000 1
2040000 1
2050000 2
2060000 1
2070000 2
2080000 2
2090000 1
2100000 1
2110000 2
2120000 2
2130000 2
2140000 2
2150000 2
2160000 2
2170000 2
2180000 2
2190000 2
2200000 2
2210000 2
2220000 2
2230000 2
2240000 1
2250000 2
2260000 1
2270000 2
2280000 2
2290000 2
2300000 2
2310000 3
2320000 2
2330000 2
2340000 2
2350000 2
2360000 1
2370000 2
2380000 2
2390000 2
2400000 2
2410000 2
2420000 2
2430000 2
2440000 2
2450000 2
2460000 3
2470000 2
2480000 2
2490000 2
2500000 2
2510000 2
2520000 2
2530000 2
2540000 2
2550000 2
2560000 2
2570000 2
2580000 2
2590000 2
2600000 1
2610000 2
2620000 2
2630000 2
2640000 2
2650000 2
2660000 1
2670000 1
2680000 2
2690000 2
2700000 2
2710000 2
2720000 2
2730000 1
2740000 1
2750000 1
2760000 2
2770000 1
2780000 2
2790000 2
2800000 2
2810000 2
2820000 2
2830000 2
2840000 2
2850000 2
2860000 2
2870000 1
2880000 2
2890000 2
2900000 2
2910000 2
2920000 2
2930000 2
2940000 2
2950000 1
2960000 3
2970000 1
2980000 2
2990000 2
3000000 2
3010000 2
3020000 2
3030000 2
3040000 2
3050000 2
3060000 2
3070000 2
3080000 2
3090000 2
3100000 1
3110000 1
3120000 1
3130000 2
3140000 1
3150000 1
3160000 2
3170000 1
3180000 1
3190000 1
3200000 1
3210000 1
3220000 1
3230000 1
3240000 1
3250000 2
3260000 2
3270000 2
3280000 2
3290000 2
3300000 1
3310000 2
3320000 2
3330000 2
3340000 2
3350000 2
3360000 2
3370000 2
3380000 2
3390000 2
3400000 2
3410000 2
3420000 2
3430000 2
3440000 2
3450000 2
3460000 2
3470000 2
3480000 2
3490000 2
3500000 2
3510000 1
3520000 2
3530000 2
3540000 2
3550000 2
3560000 2
3570000 2
3580000 2
3590000 2
3600000 2
3610000 2
3620000 2
3630000 2
3640000 2
3650000 2
3660000 2
3670000 2
3680000 1
3690000 2
3700000 2
3710000 2
3720000 2
3730000 2
3740000 2
3750000 2
3760000 2
3770000 2
3780000 2
3790000 2
3800000 2
3810000 2
3820000 2
3830000 2
3840000 2
3850000 2
3860000 2
3870000 2
3880000 2
3890000 2
3900000 2
3910000 2
3920000 2
3930000 2
3940000 2
3950000 2
3960000 2
3970000 2
3980000 2
3990000 2
4000000 2
4010000 2
4020000 3
4030000 2
4040000 2
4050000 2
4060000 2
4070000 2
4080000 2
4090000 2
4100000 2
4110000 2
4120000 2
4130000 2
4140000 2
4150000 2
4160000 2
4170000 2
4180000 2
4190000 2
4200000 2
4210000 2
4220000 2
4230000 2
4240000 2
4250000 2
4260000 2
4270000 2
4280000 10
4290000 2
4300000 2
4310000 2
4320000 2
4330000 2
4340000 2
4350000 2
4360000 2
4370000 2
4380000 2
4390000 2
4400000 2
4410000 2
4420000 2
4430000 2
4440000 2
4450000 2
4460000 2
4470000 4
4480000 2
4490000 1
4500000 2
4510000 9
4520000 2
4530000 2
4540000 2
4550000 2
4560000 9
4570000 2
4580000 2
4590000 2
4600000 2
4610000 2
4620000 2
4630000 2
4640000 2
4650000 3
4660000 9
4670000 2
4680000 2
4690000 2
4700000 3
4710000 2
4720000 2
4730000 2
4740000 3
4750000 2
4760000 10
4770000 2
4780000 2
4790000 2
4800000 2
4810000 2
4820000 2
4830000 2
4840000 2
4850000 2
4860000 2
4870000 9
4880000 2
4890000 3
4900000 2
4910000 2
4920000 2
4930000 3
4940000 2
4950000 2
4960000 2
4970000 10
