10000 23
20000 30
30000 30
40000 30
50000 23
60000 33
70000 33
80000 33
90000 34
100000 33
110000 25
120000 33
130000 25
140000 33
150000 25
160000 25
170000 25
180000 32
190000 25
200000 33
210000 25
220000 25
230000 25
240000 25
250000 25
260000 26
270000 25
280000 25
290000 26
300000 25
310000 25
320000 25
330000 25
340000 25
350000 27
360000 22
370000 27
380000 22
390000 22
400000 23
410000 22
420000 23
430000 22
440000 22
450000 23
460000 22
470000 22
480000 26
490000 26
500000 26
510000 25
520000 23
530000 23
540000 23
550000 24
560000 26
570000 33
580000 27
590000 26
600000 25
610000 25
620000 25
630000 26
640000 26
650000 25
660000 25
670000 25
680000 25
690000 26
700000 26
710000 27
720000 24
730000 26
740000 27
750000 25
760000 25
770000 25
780000 23
790000 26
800000 23
810000 26
820000 27
830000 23
840000 26
850000 27
860000 23
870000 26
880000 26
890000 26
900000 26
910000 23
920000 23
930000 26
940000 26
950000 25
960000 26
970000 23
980000 23
990000 25
1000000 26
1010000 26
1020000 29
1030000 24
1040000 23
1050000 27
1060000 26
1070000 25
1080000 26
1090000 26
1100000 26
1110000 26
1120000 26
1130000 27
1140000 26
1150000 26
1160000 26
1170000 26
1180000 24
1190000 23
1200000 23
1210000 23
1220000 26
1230000 27
1240000 27
1250000 33
1260000 27
1270000 28
1280000 29
1290000 26
1300000 25
1310000 28
1320000 29
1330000 30
1340000 28
1350000 25
1360000 26
1370000 26
1380000 23
1390000 26
1400000 26
1410000 26
1420000 22
1430000 23
1440000 27
1450000 25
1460000 28
1470000 23
1480000 26
1490000 23
1500000 27
1510000 28
1520000 31
1530000 29
1540000 29
1550000 25
1560000 25
1570000 28
1580000 23
1590000 29
1600000 26
1610000 27
1620000 27
1630000 25
1640000 26
1650000 28
1660000 23
1670000 26
1680000 23
1690000 28
1700000 61
1710000 26
1720000 26
1730000 28
1740000 26
1750000 26
1760000 23
1770000 25
1780000 26
1790000 28
1800000 20
1810000 20
1820000 21
1830000 23
1840000 22
1850000 20
1860000 20
1870000 20
1880000 21
1890000 24
1900000 25
1910000 20
1920000 20
1930000 20
1940000 20
1950000 21
1960000 20
1970000 25
1980000 26
1990000 25
2000000 24
2010000 24
2020000 25
2030000 25
2040000 24
2050000 26
2060000 25
2070000 25
2080000 25
2090000 25
2100000 25
2110000 25
2120000 25
2130000 24
2140000 25
2150000 25
2160000 25
2170000 25
2180000 25
2190000 24
2200000 25
2210000 25
2220000 25
2230000 25
2240000 25
2250000 24
2260000 27
2270000 25
2280000 25
2290000 25
2300000 26
2310000 29
2320000 29
2330000 26
2340000 27
2350000 26
2360000 22
2370000 23
2380000 26
2390000 26
2400000 25
2410000 26
2420000 25
2430000 25
2440000 25
2450000 26
2460000 35
2470000 25
2480000 25
2490000 25
2500000 26
2510000 25
2520000 25
2530000 25
2540000 25
2550000 25
2560000 25
2570000 25
2580000 25
2590000 25
2600000 27
2610000 25
2620000 25
2630000 25
2640000 25
2650000 25
2660000 26
2670000 24
2680000 27
2690000 25
2700000 25
2710000 25
2720000 25
2730000 25
2740000 25
2750000 25
2760000 24
2770000 25
2780000 24
2790000 25
2800000 25
2810000 25
2820000 37
2830000 25
2840000 25
2850000 25
2860000 25
2870000 25
2880000 25
2890000 25
2900000 25
2910000 25
2920000 27
2930000 25
2940000 25
2950000 20
2960000 28
2970000 25
2980000 25
2990000 25
3000000 25
3010000 25
3020000 24
3030000 25
3040000 25
3050000 24
3060000 25
3070000 26
3080000 25
3090000 21
3100000 20
3110000 20
3120000 20
3130000 21
3140000 20
3150000 21
3160000 20
3170000 20
3180000 21
3190000 21
3200000 21
3210000 21
3220000 20
3230000 20
3240000 20
3250000 22
3260000 21
3270000 23
3280000 20
3290000 22
3300000 20
3310000 20
3320000 21
3330000 24
3340000 20
3350000 21
3360000 20
3370000 22
3380000 20
3390000 21
3400000 20
3410000 20
3420000 20
3430000 21
3440000 21
3450000 20
3460000 23
3470000 20
3480000 21
3490000 20
3500000 21
3510000 20
3520000 26
3530000 25
3540000 25
3550000 24
3560000 28
3570000 24
3580000 25
3590000 26
3600000 25
3610000 25
3620000 26
3630000 25
3640000 25
3650000 25
3660000 24
3670000 25
3680000 20
3690000 25
3700000 25
3710000 25
3720000 25
3730000 25
3740000 25
3750000 25
3760000 25
3770000 26
3780000 25
3790000 25
3800000 25
3810000 25
3820000 25
3830000 25
3840000 25
3850000 25
3860000 25
3870000 26
3880000 25
3890000 25
3900000 25
3910000 25
3920000 25
3930000 25
3940000 25
3950000 25
3960000 25
3970000 25
3980000 25
3990000 25
4000000 25
4010000 25
4020000 26
4030000 24
4040000 26
4050000 25
4060000 25
4070000 25
4080000 25
4090000 25
4100000 25
4110000 25
4120000 25
4130000 25
4140000 25
4150000 24
4160000 25
4170000 27
4180000 25
4190000 25
4200000 24
4210000 27
4220000 25
4230000 25
4240000 26
4250000 25
4260000 25
4270000 27
4280000 33
4290000 20
4300000 25
4310000 25
4320000 27
4330000 37
4340000 25
4350000 28
4360000 25
4370000 24
4380000 25
4390000 25
4400000 25
4410000 25
4420000 26
4430000 25
4440000 25
4450000 25
4460000 25
4470000 30
4480000 27
4490000 20
4500000 27
4510000 34
4520000 28
4530000 27
4540000 25
4550000 24
4560000 36
4570000 25
4580000 26
4590000 25
4600000 27
4610000 25
4620000 25
4630000 28
4640000 25
4650000 29
4660000 36
4670000 26
4680000 25
4690000 27
4700000 25
4710000 26
4720000 27
4730000 25
4740000 25
4750000 24
4760000 36
4770000 24
4780000 22
4790000 28
4800000 25
4810000 27
4820000 26
4830000 25
4840000 25
4850000 25
4860000 25
4870000 35
4880000 24
4890000 27
4900000 25
4910000 25
4920000 25
4930000 27
4940000 25
4950000 25
4960000 25
4970000 50376
