15 100 64
18 100 54
21 100 62
24 100 62
27 100 68
30 100 71
33 100 80
36 100 79
39 100 83
42 100 84
45 100 89
48 100 103
51 100 101
54 100 126
57 100 125
60 100 107
63 100 109
66 100 114
69 100 117
72 100 115
75 100 116
33 500 187
50 500 233
67 500 278
84 500 330
101 500 373
118 500 425
135 500 466
152 500 515
169 500 560
186 500 595
203 500 625
220 500 694
237 500 776
254 500 823
271 500 793
288 500 831
305 500 857
322 500 926
339 500 911
356 500 937
373 500 968
48 1000 359
83 1000 539
118 1000 722
153 1000 903
188 1000 1690
223 1000 1275
258 1000 2338
293 1000 2214
328 1000 1787
363 1000 2562
398 1000 2055
433 1000 1976
468 1000 2307
503 1000 2263
538 1000 2325
573 1000 2428
608 1000 2638
643 1000 2671
678 1000 2812
713 1000 2925
748 1000 3137
67 2000 768
138 2000 1388
209 2000 1897
280 2000 2314
351 2000 2873
422 2000 3202
493 2000 3959
564 2000 4745
635 2000 5316
706 2000 5458
777 2000 5788
848 2000 6404
919 2000 7425
990 2000 8025
1061 2000 8613
1132 2000 8094
1203 2000 9651
1274 2000 10263
1345 2000 10153
1416 2000 10290
1487 2000 10582
94 4000 1659
239 4000 3487
384 4000 5240
529 4000 7182
674 4000 9290
819 4000 12528
964 4000 14012
1109 4000 15849
1254 4000 18768
1399 4000 21216
1544 4000 23005
1689 4000 25113
1834 4000 28247
1979 4000 29326
2124 4000 31090
2269 4000 33941
2414 4000 34459
2559 4000 39567
2704 4000 38213
2849 4000 39119
2994 4000 40789
115 6000 2837
334 6000 6537
553 6000 10607
772 6000 14917
991 6000 20202
1210 6000 25656
1429 6000 31252
1648 6000 36667
1867 6000 42711
2086 6000 48487
2305 6000 53127
2524 6000 60691
2743 6000 64164
2962 6000 70812
3181 6000 77317
3400 6000 76714
3619 6000 85310
3838 6000 93303
4057 6000 90781
4276 6000 98572
4495 6000 102421
150 10000 5122
517 10000 15360
884 10000 27274
1251 10000 42246
1618 10000 56672
1985 10000 73668
2352 10000 88141
2719 10000 104282
3086 10000 120975
3453 10000 139306
3820 10000 159148
4187 10000 176131
4554 10000 195318
4921 10000 205917
5288 10000 220850
5655 10000 235181
6022 10000 260020
6389 10000 266591
6756 10000 279224
7123 10000 296524
7490 10000 306146
183 15000 9224
736 15000 33720
1289 15000 62931
1842 15000 97631
2395 15000 132300
2948 15000 172717
3501 15000 212438
4054 15000 254078
4607 15000 297083
5160 15000 344742
5713 15000 394446
6266 15000 432250
6819 15000 472892
7372 15000 509094
7925 15000 539931
8478 15000 572656
9031 15000 613446
9584 15000 648764
10137 15000 672653
10690 15000 697098
11243 15000 737038
211 20000 20588
950 20000 91926
1689 20000 178643
2428 20000 272138
3167 20000 378496
3906 20000 495057
4645 20000 627495
5384 20000 749320
6123 20000 880389
6862 20000 1012597
7601 20000 1135171
8340 20000 1265217
9079 20000 1365481
9818 20000 1459425
10557 20000 1561506
11296 20000 1672388
12035 20000 1738663
12774 20000 1856805
13513 20000 1937732
14252 20000 1980346
14991 20000 2015594
237 25000 28090
1162 25000 147585
2087 25000 283580
3012 25000 444884
3937 25000 625610
4862 25000 818250
5787 25000 1024843
6712 25000 1234341
7637 25000 1448476
8562 25000 1653416
9487 25000 1852661
10412 25000 2025441
11337 25000 2179778
12262 25000 2352131
13187 25000 1630779
14112 25000 1725579
15037 25000 1827118
15962 25000 1973269
16887 25000 2045239
17812 25000 2152447
18737 25000 3500224
259 30000 26887
1371 30000 161790
2483 30000 307957
3595 30000 504638
4707 30000 719686
5819 30000 959066
6931 30000 1195231
8043 30000 1440580
9155 30000 1672727
10267 30000 1903994
11379 30000 2209946
12491 30000 2369012
13603 30000 2571066
14715 30000 2685268
15827 30000 2841589
16939 30000 3066389
18051 30000 3217856
19163 30000 3460972
20275 30000 3494081
21387 30000 3625032
22499 30000 3713766
280 35000 33490
1578 35000 218874
2876 35000 441248
4174 35000 696766
5472 35000 1022421
6770 35000 1331453
8068 35000 1682758
9366 35000 2007140
10664 35000 2382311
11962 35000 3011193
13260 35000 4002882
14558 35000 3157704
15856 35000 3398943
17154 35000 3672489
18452 35000 3922189
19750 35000 4172510
21048 35000 4342127
22346 35000 4743806
23644 35000 4846112
24942 35000 4948940
26240 35000 4865023
300 40000 39210
1785 40000 283404
3270 40000 580273
4755 40000 925149
6240 40000 1363399
7725 40000 1771635
9210 40000 2186706
10695 40000 2640412
12180 40000 3120085
13665 40000 3594774
15150 40000 3965082
16635 40000 4374230
18120 40000 4736519
19605 40000 6781928
21090 40000 4679891
22575 40000 5058749
24060 40000 6915640
25545 40000 5985390
27030 40000 6357716
28515 40000 6551943
30000 40000 6580670
318 45000 49323
1989 45000 364607
3660 45000 749326
5331 45000 1195208
7002 45000 1797297
8673 45000 2304809
10344 45000 2870991
12015 45000 3504592
13686 45000 4109393
15357 45000 4630127
17028 45000 5328406
18699 45000 5540434
20370 45000 5945130
22041 45000 6303861
23712 45000 6705046
25383 45000 7042578
27054 45000 8964983
28725 45000 7917524
30396 45000 6786515
32067 45000 8229117
33738 45000 8577148
336 50000 53802
2194 50000 445305
4052 50000 954053
5910 50000 1497925
7768 50000 2173318
9626 50000 2904585
11484 50000 3619989
13342 50000 4338487
15200 50000 5059748
17058 50000 5942785
18916 50000 6439351
20774 50000 7035746
22632 50000 7532408
24490 50000 7930519
26348 50000 8891933
28206 50000 8952509
30064 50000 9569311
31922 50000 9790955
33780 50000 10405983
35638 50000 10913317
37496 50000 10912381
352 55000 67134
2396 55000 568826
4440 55000 1238091
6484 55000 1943543
8528 55000 2820097
10572 55000 3713641
12616 55000 5180723
14660 55000 5407657
16704 55000 6315184
18748 55000 7127190
20792 55000 8276949
22836 55000 8718144
24880 55000 9158284
26924 55000 11260999
28968 55000 8891324
31012 55000 12010098
33056 55000 12588781
35100 55000 12867587
37144 55000 14779196
39188 55000 13932229
41232 55000 10783028
367 60000 66419
2598 60000 595319
4829 60000 1321537
7060 60000 2298226
9291 60000 2946705
11522 60000 3770971
13753 60000 5156573
15984 60000 5646058
18215 60000 6528848
20446 60000 7499317
22677 60000 8354239
24908 60000 9165530
27139 60000 9969464
29370 60000 10682639
31601 60000 10459833
33832 60000 10901569
36063 60000 11559626
38294 60000 12035026
40525 60000 12754504
42756 60000 13019720
44987 60000 12825860
