10000 0
20000 0
30000 0
40000 0
50000 0
60000 0
70000 0
80000 0
90000 1
100000 0
110000 0
120000 0
130000 1
140000 0
150000 1
160000 0
170000 0
180000 0
190000 11
200000 0
210000 0
220000 0
230000 0
240000 0
250000 0
260000 1
270000 1
280000 0
290000 0
300000 0
310000 1
320000 0
330000 0
340000 0
350000 0
360000 11
370000 0
380000 0
390000 0
400000 1
410000 0
420000 0
430000 0
440000 0
450000 0
460000 0
470000 0
480000 1
490000 0
500000 4
510000 1
520000 0
530000 0
540000 0
550000 1
560000 0
570000 1
580000 0
590000 0
600000 1
610000 11
620000 1
630000 1
640000 1
650000 0
660000 0
670000 0
680000 0
690000 0
700000 1
710000 11
720000 0
730000 11
740000 0
750000 0
760000 0
770000 1
780000 1
790000 1
800000 0
810000 0
820000 0
830000 0
840000 0
850000 0
860000 11
870000 0
880000 11
890000 1
900000 11
910000 0
920000 0
930000 0
940000 1
950000 1
960000 0
970000 0
980000 11
990000 11
1000000 1
1010000 1
1020000 0
1030000 1
1040000 1
1050000 0
1060000 0
1070000 1
1080000 1
1090000 0
1100000 0
1110000 1
1120000 0
1130000 0
1140000 1
1150000 1
1160000 0
1170000 0
1180000 11
1190000 0
1200000 0
1210000 11
1220000 0
1230000 11
1240000 0
1250000 0
1260000 1
1270000 11
1280000 0
1290000 0
1300000 0
1310000 1
1320000 0
1330000 11
1340000 0
1350000 11
1360000 0
1370000 1
1380000 0
1390000 0
1400000 11
1410000 11
1420000 11
1430000 0
1440000 0
1450000 4
1460000 0
1470000 1
1480000 0
1490000 11
1500000 1
1510000 1
1520000 0
1530000 1
1540000 1
1550000 1
1560000 0
1570000 1
1580000 1
1590000 1
1600000 0
1610000 0
1620000 1
1630000 1
1640000 0
1650000 11
1660000 1
1670000 3
1680000 1
1690000 1
1700000 1
1710000 11
1720000 1
1730000 1
1740000 1
1750000 2
1760000 11
1770000 0
1780000 1
1790000 0
1800000 1
1810000 1
1820000 0
1830000 0
1840000 0
1850000 0
1860000 0
1870000 0
1880000 1
1890000 1
1900000 1
1910000 1
1920000 1
1930000 0
1940000 0
1950000 0
1960000 0
1970000 1
1980000 0
1990000 1
2000000 0
2010000 0
2020000 1
2030000 1
2040000 1
2050000 1
2060000 1
2070000 0
2080000 0
2090000 0
2100000 0
2110000 0
2120000 1
2130000 0
2140000 0
2150000 0
2160000 0
2170000 0
2180000 0
2190000 1
2200000 0
2210000 0
2220000 1
2230000 0
2240000 0
2250000 0
2260000 0
2270000 0
2280000 0
2290000 0
2300000 0
2310000 1
2320000 0
2330000 0
2340000 0
2350000 0
2360000 0
2370000 0
2380000 0
2390000 0
2400000 0
2410000 0
2420000 0
2430000 0
2440000 0
2450000 0
2460000 0
2470000 0
2480000 0
2490000 1
2500000 0
2510000 0
2520000 1
2530000 0
2540000 0
2550000 0
2560000 0
2570000 1
2580000 1
2590000 0
2600000 0
2610000 1
2620000 1
2630000 0
2640000 0
2650000 0
2660000 0
2670000 0
2680000 1
2690000 0
2700000 0
2710000 0
2720000 0
2730000 0
2740000 1
2750000 0
2760000 0
2770000 0
2780000 0
2790000 0
2800000 0
2810000 0
2820000 0
2830000 0
2840000 0
2850000 0
2860000 0
2870000 1
2880000 0
2890000 0
2900000 0
2910000 0
2920000 0
2930000 1
2940000 0
2950000 1
2960000 0
2970000 1
2980000 0
2990000 1
3000000 1
3010000 1
3020000 0
3030000 1
3040000 0
3050000 0
3060000 0
3070000 0
3080000 1
3090000 0
3100000 1
3110000 1
3120000 0
3130000 1
3140000 1
3150000 0
3160000 0
3170000 1
3180000 1
3190000 1
3200000 0
3210000 1
3220000 0
3230000 0
3240000 1
3250000 0
3260000 1
3270000 1
3280000 0
3290000 0
3300000 0
3310000 0
3320000 1
3330000 1
3340000 1
3350000 1
3360000 0
3370000 1
3380000 0
3390000 0
3400000 0
3410000 0
3420000 0
3430000 1
3440000 1
3450000 0
3460000 1
3470000 0
3480000 1
3490000 0
3500000 1
3510000 1
3520000 0
3530000 0
3540000 0
3550000 1
3560000 0
3570000 1
3580000 1
3590000 1
3600000 1
3610000 0
3620000 1
3630000 1
3640000 1
3650000 1
3660000 2
3670000 1
3680000 0
3690000 0
3700000 1
3710000 0
3720000 0
3730000 0
3740000 1
3750000 0
3760000 1
3770000 0
3780000 0
3790000 0
3800000 1
3810000 0
3820000 0
3830000 1
3840000 0
3850000 1
3860000 1
3870000 0
3880000 0
3890000 1
3900000 1
3910000 1
3920000 0
3930000 1
3940000 0
3950000 1
3960000 1
3970000 1
3980000 1
3990000 1
4000000 0
4010000 0
4020000 1
4030000 1
4040000 0
4050000 1
4060000 1
4070000 1
4080000 0
4090000 1
4100000 1
4110000 1
4120000 1
4130000 1
4140000 1
4150000 0
4160000 1
4170000 0
4180000 0
4190000 1
4200000 0
4210000 4
4220000 0
4230000 0
4240000 0
4250000 0
4260000 0
4270000 0
4280000 0
4290000 1
4300000 0
4310000 0
4320000 1
4330000 0
4340000 0
4350000 0
4360000 1
4370000 1
4380000 1
4390000 1
4400000 0
4410000 0
4420000 0
4430000 0
4440000 1
4450000 1
4460000 1
4470000 1
4480000 0
4490000 1
4500000 0
4510000 4
4520000 1
4530000 5
4540000 0
4550000 0
4560000 2
4570000 0
4580000 0
4590000 0
4600000 0
4610000 1
4620000 0
4630000 1
4640000 0
4650000 0
4660000 3
4670000 0
4680000 0
4690000 0
4700000 0
4710000 1
4720000 0
4730000 0
4740000 0
4750000 1
4760000 2
4770000 0
4780000 1
4790000 0
4800000 0
4810000 0
4820000 0
4830000 0
4840000 0
4850000 0
4860000 0
4870000 3
4880000 0
4890000 0
4900000 0
4910000 0
4920000 0
4930000 1
4940000 0
4950000 0
4960000 0
4970000 809203
