15 100 87
18 100 95
21 100 115
24 100 127
27 100 139
30 100 149
33 100 171
36 100 191
39 100 203
42 100 217
45 100 242
48 100 294
51 100 265
54 100 294
57 100 500
60 100 355
63 100 353
66 100 410
69 100 403
72 100 421
75 100 449
33 500 242
50 500 308
67 500 445
84 500 602
101 500 682
118 500 849
135 500 1072
152 500 1252
169 500 1492
186 500 1662
203 500 1890
220 500 2115
237 500 2936
254 500 2867
271 500 3075
288 500 3437
305 500 3565
322 500 4046
339 500 4455
356 500 4454
373 500 5490
48 1000 363
83 1000 637
118 1000 942
153 1000 1355
188 1000 1769
223 1000 2266
258 1000 2765
293 1000 3724
328 1000 4240
363 1000 5118
398 1000 6443
433 1000 7708
468 1000 7454
503 1000 8551
538 1000 9965
573 1000 10230
608 1000 11562
643 1000 13611
678 1000 14286
713 1000 15273
748 1000 16233
67 2000 615
138 2000 1388
209 2000 2243
280 2000 3474
351 2000 4571
422 2000 6473
493 2000 8120
564 2000 10157
635 2000 12744
706 2000 15714
777 2000 18415
848 2000 21405
919 2000 24023
990 2000 29609
1061 2000 36674
1132 2000 33926
1203 2000 45286
1274 2000 47127
1345 2000 49064
1416 2000 51919
1487 2000 57907
94 4000 1111
239 4000 2905
384 4000 5935
529 4000 10302
674 4000 14953
819 4000 21209
964 4000 27077
1109 4000 32477
1254 4000 42340
1399 4000 53028
1544 4000 66282
1689 4000 74493
1834 4000 96189
1979 4000 105493
2124 4000 111633
2269 4000 130289
2414 4000 148682
2559 4000 170771
2704 4000 181645
2849 4000 204115
2994 4000 215906
115 6000 1429
334 6000 4732
553 6000 10109
772 6000 16822
991 6000 27737
1210 6000 41053
1429 6000 54183
1648 6000 72944
1867 6000 94494
2086 6000 115239
2305 6000 132952
2524 6000 221784
2743 6000 220561
2962 6000 238120
3181 6000 267470
3400 6000 280842
3619 6000 337194
3838 6000 404122
4057 6000 437271
4276 6000 440777
4495 6000 491909
150 10000 2375
517 10000 10052
884 10000 22099
1251 10000 44312
1618 10000 70710
1985 10000 102210
2352 10000 137254
2719 10000 187340
3086 10000 233876
3453 10000 293796
3820 10000 367808
4187 10000 437658
4554 10000 522178
4921 10000 578411
5288 10000 679877
5655 10000 776210
6022 10000 851925
6389 10000 977438
6756 10000 1095420
7123 10000 1271526
7490 10000 1383683
183 15000 3134
736 15000 17950
1289 15000 47673
1842 15000 88531
2395 15000 148721
2948 15000 215433
3501 15000 306530
4054 15000 397583
4607 15000 521891
5160 15000 642715
5713 15000 773565
6266 15000 930321
6819 15000 1111045
7372 15000 1308835
7925 15000 1528430
8478 15000 1734480
9031 15000 1981621
9584 15000 2316346
10137 15000 2500334
10690 15000 2781217
11243 15000 3115753
211 20000 6743
950 20000 41497
1689 20000 119346
2428 20000 233098
3167 20000 362065
3906 20000 586638
4645 20000 832765
5384 20000 1082169
6123 20000 1435371
6862 20000 1764138
7601 20000 2208945
8340 20000 2649256
9079 20000 3242704
9818 20000 3687276
10557 20000 4402954
11296 20000 4993328
12035 20000 5769815
12774 20000 6490951
13513 20000 7333044
14252 20000 8297996
14991 20000 9044662
237 25000 7696
1162 25000 60505
2087 25000 175845
3012 25000 342846
3937 25000 571707
4862 25000 905633
5787 25000 1249573
6712 25000 1741412
7637 25000 2212682
8562 25000 2740914
9487 25000 3586094
10412 25000 4251998
11337 25000 5047761
12262 25000 6038970
13187 25000 5644666
14112 25000 5327097
15037 25000 6015215
15962 25000 6935428
16887 25000 7822236
17812 25000 9522405
18737 25000 13262265
259 30000 6124
1371 30000 71081
2483 30000 183019
3595 30000 378140
4707 30000 634393
5819 30000 1022428
6931 30000 1470677
8043 30000 1945608
9155 30000 2608317
10267 30000 3292383
11379 30000 4043384
12491 30000 5034169
13603 30000 5856838
14715 30000 7169778
15827 30000 8299360
16939 30000 9306483
18051 30000 10795410
19163 30000 12557178
20275 30000 14329237
21387 30000 15934120
22499 30000 17528647
280 35000 9404
1578 35000 78567
2876 35000 242446
4174 35000 519408
5472 35000 861387
6770 35000 1276983
8068 35000 1991417
9366 35000 2659776
10664 35000 3670558
11962 35000 4782868
13260 35000 7526207
14558 35000 6505071
15856 35000 8344743
17154 35000 9629690
18452 35000 11695454
19750 35000 13119833
21048 35000 14949972
22346 35000 17041562
23644 35000 19334079
24942 35000 20724865
26240 35000 23681322
300 40000 8941
1785 40000 99371
3270 40000 314171
4755 40000 651909
6240 40000 1156155
7725 40000 1780631
9210 40000 2638580
10695 40000 3561922
12180 40000 4565125
13665 40000 5915641
15150 40000 7391453
16635 40000 9063023
18120 40000 11393768
19605 40000 14796611
21090 40000 13949605
22575 40000 15399914
24060 40000 18892349
25545 40000 25589616
27030 40000 26019168
28515 40000 28959184
30000 40000 31609997
318 45000 9217
1989 45000 121742
3660 45000 386040
5331 45000 822368
7002 45000 1500408
8673 45000 2336177
10344 45000 3308599
12015 45000 4619798
13686 45000 6079582
15357 45000 7631306
17028 45000 10382570
18699 45000 12316734
20370 45000 14207808
22041 45000 16808104
23712 45000 18960174
25383 45000 21652971
27054 45000 27523755
28725 45000 29805081
30396 45000 29803726
32067 45000 31259804
33738 45000 39406934
336 50000 10863
2194 50000 144102
4052 50000 480608
5910 50000 1006074
7768 50000 1693792
9626 50000 2981227
11484 50000 4320973
13342 50000 5858902
15200 50000 7679803
17058 50000 9606751
18916 50000 11995615
20774 50000 15879361
22632 50000 16781012
24490 50000 20797164
26348 50000 23414102
28206 50000 28885153
30064 50000 31436141
31922 50000 36202829
33780 50000 45278527
35638 50000 47820757
37496 50000 54035945
352 55000 11903
2396 55000 182488
4440 55000 601900
6484 55000 1225976
8528 55000 2336664
10572 55000 3779183
12616 55000 5631427
14660 55000 7262729
16704 55000 9328947
18748 55000 12282334
20792 55000 15249504
22836 55000 18030373
24880 55000 22578752
26924 55000 28301911
28968 55000 27063081
31012 55000 38158131
33056 55000 42525497
35100 55000 47467939
37144 55000 46146198
39188 55000 52274811
41232 55000 58137476
367 60000 11620
2598 60000 178694
4829 60000 629361
7060 60000 1284459
9291 60000 2843761
11522 60000 3719458
13753 60000 6412882
15984 60000 7057422
18215 60000 10604900
20446 60000 12448082
22677 60000 15744604
24908 60000 19917885
27139 60000 22029287
29370 60000 28246772
31601 60000 31992239
33832 60000 35236002
36063 60000 38919715
38294 60000 43977133
40525 60000 49395968
42756 60000 56055038
44987 60000 63837404
