10000 19
20000 21
30000 32
40000 18
50000 30
60000 21
70000 32
80000 31
90000 34
100000 23
110000 35
120000 33
130000 28
140000 33
150000 37
160000 24
170000 24
180000 27
190000 27
200000 25
210000 26
220000 28
230000 26
240000 27
250000 27
260000 30
270000 33
280000 27
290000 30
300000 28
310000 32
320000 26
330000 27
340000 26
350000 30
360000 24
370000 23
380000 23
390000 24
400000 23
410000 21
420000 23
430000 23
440000 22
450000 24
460000 22
470000 24
480000 29
490000 36
500000 24
510000 31
520000 24
530000 22
540000 23
550000 35
560000 24
570000 32
580000 27
590000 24
600000 29
610000 28
620000 30
630000 28
640000 38
650000 25
660000 24
670000 27
680000 26
690000 28
700000 32
710000 33
720000 23
730000 31
740000 30
750000 29
760000 28
770000 37
780000 31
790000 33
800000 27
810000 22
820000 28
830000 29
840000 31
850000 31
860000 23
870000 24
880000 31
890000 33
900000 44
910000 24
920000 21
930000 29
940000 32
950000 34
960000 29
970000 23
980000 26
990000 30
1000000 29
1010000 32
1020000 29
1030000 26
1040000 33
1050000 23
1060000 31
1070000 33
1080000 32
1090000 31
1100000 32
1110000 35
1120000 31
1130000 31
1140000 32
1150000 31
1160000 33
1170000 33
1180000 23
1190000 24
1200000 25
1210000 25
1220000 25
1230000 24
1240000 36
1250000 33
1260000 35
1270000 36
1280000 31
1290000 25
1300000 18
1310000 27
1320000 26
1330000 29
1340000 28
1350000 30
1360000 26
1370000 31
1380000 21
1390000 23
1400000 30
1410000 31
1420000 31
1430000 24
1440000 23
1450000 87
1460000 32
1470000 24
1480000 32
1490000 35
1500000 31
1510000 36
1520000 33
1530000 31
1540000 35
1550000 33
1560000 24
1570000 42
1580000 43
1590000 40
1600000 31
1610000 38
1620000 39
1630000 44
1640000 26
1650000 42
1660000 44
1670000 54
1680000 37
1690000 40
1700000 40
1710000 33
1720000 40
1730000 41
1740000 41
1750000 41
1760000 40
1770000 36
1780000 39
1790000 28
1800000 29
1810000 32
1820000 27
1830000 27
1840000 30
1850000 27
1860000 26
1870000 27
1880000 30
1890000 35
1900000 30
1910000 31
1920000 25
1930000 27
1940000 27
1950000 27
1960000 27
1970000 34
1980000 31
1990000 29
2000000 31
2010000 28
2020000 28
2030000 29
2040000 34
2050000 30
2060000 29
2070000 29
2080000 33
2090000 27
2100000 27
2110000 29
2120000 32
2130000 27
2140000 29
2150000 30
2160000 30
2170000 28
2180000 29
2190000 37
2200000 29
2210000 30
2220000 32
2230000 30
2240000 29
2250000 29
2260000 29
2270000 33
2280000 30
2290000 37
2300000 29
2310000 32
2320000 29
2330000 30
2340000 31
2350000 31
2360000 29
2370000 29
2380000 29
2390000 33
2400000 30
2410000 29
2420000 31
2430000 30
2440000 31
2450000 30
2460000 30
2470000 30
2480000 36
2490000 37
2500000 29
2510000 31
2520000 32
2530000 30
2540000 31
2550000 33
2560000 28
2570000 31
2580000 30
2590000 36
2600000 30
2610000 32
2620000 34
2630000 30
2640000 28
2650000 32
2660000 30
2670000 33
2680000 31
2690000 31
2700000 37
2710000 32
2720000 30
2730000 29
2740000 35
2750000 33
2760000 30
2770000 30
2780000 31
2790000 31
2800000 34
2810000 31
2820000 31
2830000 32
2840000 32
2850000 32
2860000 32
2870000 33
2880000 31
2890000 26
2900000 28
2910000 32
2920000 30
2930000 30
2940000 31
2950000 33
2960000 30
2970000 30
2980000 34
2990000 34
3000000 41
3010000 34
3020000 32
3030000 33
3040000 34
3050000 30
3060000 31
3070000 31
3080000 34
3090000 31
3100000 33
3110000 32
3120000 32
3130000 30
3140000 33
3150000 28
3160000 30
3170000 31
3180000 29
3190000 31
3200000 28
3210000 34
3220000 28
3230000 31
3240000 30
3250000 34
3260000 33
3270000 33
3280000 29
3290000 31
3300000 30
3310000 30
3320000 35
3330000 32
3340000 33
3350000 33
3360000 29
3370000 34
3380000 30
3390000 31
3400000 30
3410000 29
3420000 31
3430000 31
3440000 32
3450000 30
3460000 44
3470000 32
3480000 30
3490000 32
3500000 24
3510000 26
3520000 30
3530000 25
3540000 23
3550000 27
3560000 26
3570000 36
3580000 34
3590000 28
3600000 37
3610000 27
3620000 36
3630000 29
3640000 35
3650000 28
3660000 37
3670000 31
3680000 27
3690000 27
3700000 28
3710000 28
3720000 28
3730000 29
3740000 37
3750000 28
3760000 30
3770000 29
3780000 30
3790000 29
3800000 31
3810000 29
3820000 34
3830000 31
3840000 28
3850000 30
3860000 32
3870000 29
3880000 36
3890000 31
3900000 35
3910000 31
3920000 28
3930000 32
3940000 29
3950000 33
3960000 30
3970000 30
3980000 31
3990000 31
4000000 28
4010000 27
4020000 30
4030000 32
4040000 29
4050000 30
4060000 31
4070000 31
4080000 28
4090000 30
4100000 31
4110000 33
4120000 34
4130000 30
4140000 31
4150000 31
4160000 29
4170000 29
4180000 30
4190000 63
4200000 29
4210000 55
4220000 31
4230000 31
4240000 33
4250000 30
4260000 27
4270000 31
4280000 58
4290000 36
4300000 32
4310000 34
4320000 36
4330000 28
4340000 29
4350000 29
4360000 33
4370000 30
4380000 32
4390000 31
4400000 29
4410000 30
4420000 32
4430000 35
4440000 33
4450000 33
4460000 36
4470000 33
4480000 28
4490000 29
4500000 31
4510000 72
4520000 29
4530000 67
4540000 29
4550000 31
4560000 48
4570000 27
4580000 24
4590000 25
4600000 24
4610000 25
4620000 26
4630000 29
4640000 28
4650000 23
4660000 50
4670000 25
4680000 25
4690000 25
4700000 25
4710000 27
4720000 22
4730000 23
4740000 24
4750000 39
4760000 48
4770000 25
4780000 44
4790000 24
4800000 26
4810000 26
4820000 23
4830000 26
4840000 25
4850000 23
4860000 24
4870000 64
4880000 25
4890000 28
4900000 24
4910000 26
4920000 25
4930000 39
4940000 25
4950000 26
4960000 26
4970000 49
