10000 8669
20000 17127
30000 27208
40000 35329
50000 44335
60000 56261
70000 63496
80000 73223
90000 82982
100000 93666
110000 103393
120000 115251
130000 126180
140000 136321
150000 148599
160000 159036
170000 173332
180000 182326
190000 197999
200000 206512
210000 217377
220000 229766
230000 251624
240000 258947
250000 268194
260000 303924
270000 293791
280000 308923
290000 318815
300000 327949
310000 342970
320000 355889
330000 366345
340000 380715
350000 391936
360000 406284
370000 423916
380000 441799
390000 455743
400000 464797
410000 480388
420000 532099
430000 507045
440000 519736
450000 531830
460000 543703
470000 549619
480000 580708
490000 663634
500000 662340
510000 637035
520000 635997
530000 638933
540000 653808
550000 721140
560000 763757
570000 706142
580000 741118
590000 712814
600000 724974
610000 739852
620000 746981
630000 849617
640000 880228
650000 783261
660000 795894
670000 807265
680000 822271
690000 831944
700000 975188
710000 936939
720000 912445
730000 901127
740000 923516
750000 919063
760000 939300
770000 968257
780000 980455
790000 1012421
800000 970704
810000 987825
820000 1005309
830000 1025165
840000 1076031
850000 1050771
860000 1068287
870000 1083230
880000 1084019
890000 1118737
900000 1112175
910000 1130128
920000 1136008
930000 1153106
940000 1158527
950000 1178296
960000 1190945
970000 1206809
980000 1224921
990000 1227875
1000000 1261125
1010000 1251520
1020000 1275971
1030000 1293445
1040000 1296981
1050000 1312556
1060000 1330312
1070000 1363465
1080000 1354758
1090000 1368031
1100000 1381969
1110000 1386835
1120000 1406585
1130000 1429979
1140000 1511514
1150000 1433234
1160000 1464625
1170000 1473776
1180000 1470772
1190000 1482098
1200000 1503164
1210000 1512279
1220000 1528184
1230000 1536352
1240000 1551447
1250000 1555338
1260000 1581133
1270000 1603787
1280000 1605983
1290000 1647185
1300000 1654464
1310000 1689273
1320000 1683755
1330000 1700085
1340000 1717313
1350000 1728374
1360000 1713885
1370000 1735039
1380000 1735684
1390000 1757437
1400000 1765990
1410000 1803448
1420000 1868242
1430000 1911576
1440000 1972035
1450000 1977222
1460000 1960298
1470000 2017762
1480000 1997983
1490000 1916424
1500000 2003950
1510000 1940943
1520000 1945603
1530000 2005039
1540000 1991762
1550000 2028259
1560000 2120178
1570000 2094521
1580000 2113823
1590000 2070791
1600000 2084379
1610000 2118930
1620000 2329886
1630000 2362348
1640000 2592596
1650000 2274466
1660000 2259084
1670000 2925953
1680000 2916506
1690000 2625027
1700000 2498498
1710000 2595554
1720000 2526181
1730000 9999999
1740000 2354558
1750000 2361038
1760000 2349310
1770000 2492256
1780000 2550240
1790000 2583544
1800000 2383576
1810000 2393842
1820000 2412710
1830000 2397425
1840000 2411866
1850000 2427695
1860000 2442444
1870000 2460251
1880000 2468790
1890000 2551888
1900000 2562226
1910000 2567655
1920000 2523529
1930000 2537948
1940000 2554143
1950000 2579907
1960000 2590701
1970000 2599316
1980000 2678132
1990000 2711677
2000000 2728827
2010000 2729190
2020000 2739954
2030000 2752110
2040000 2772527
2050000 2785801
2060000 2802913
2070000 2836426
2080000 2835632
2090000 2847549
2100000 2865441
2110000 2873287
2120000 2910234
2130000 2919617
2140000 2929192
2150000 2928569
2160000 2968287
2170000 2956136
2180000 2966452
2190000 2980006
2200000 2991779
2210000 3009882
2220000 3027769
2230000 3039845
2240000 3048981
2250000 3068179
2260000 3077509
2270000 3089828
2280000 3102922
2290000 3122155
2300000 3133480
2310000 3150428
2320000 3164210
2330000 3180691
2340000 3200941
2350000 3215594
2360000 3286048
2370000 3246648
2380000 3283416
2390000 3293021
2400000 3290863
2410000 3311555
2420000 3322478
2430000 3333889
2440000 3348391
2450000 3361089
2460000 3378411
2470000 3389377
2480000 3609890
2490000 3416390
2500000 3432444
2510000 3448851
2520000 3451259
2530000 3479992
2540000 3491389
2550000 3499393
2560000 3530461
2570000 3532016
2580000 3568573
2590000 3573921
2600000 3585948
2610000 3600658
2620000 3636376
2630000 3647282
2640000 3664674
2650000 3687492
2660000 3689581
2670000 3706297
2680000 3718477
2690000 3719509
2700000 3728688
2710000 3738677
2720000 3756873
2730000 3764917
2740000 3798317
2750000 3806369
2760000 3811595
2770000 3824693
2780000 3871351
2790000 3883709
2800000 3896730
2810000 3877537
2820000 3909001
2830000 3944763
2840000 3973223
2850000 3940004
2860000 3952226
2870000 4036432
2880000 4053787
2890000 4079131
2900000 4085590
2910000 4109023
2920000 4122813
2930000 4112484
2940000 4130459
2950000 4154384
2960000 4170092
2970000 4176271
2980000 4205093
2990000 4230778
3000000 4220137
3010000 4231554
3020000 4249635
3030000 4271764
3040000 4278690
3050000 4305078
3060000 4306295
3070000 4339657
3080000 4480923
3090000 4356975
3100000 4260126
3110000 4291278
3120000 4310973
3130000 4305315
3140000 4320395
3150000 4341263
3160000 4348939
3170000 4363824
3180000 4377538
3190000 4406426
3200000 4419903
3210000 4422517
3220000 4437160
3230000 4462836
3240000 4462168
3250000 4478180
3260000 4489928
3270000 4506858
3280000 4522304
3290000 4532641
3300000 4546418
3310000 4564348
3320000 4582527
3330000 4592260
3340000 4607032
3350000 4621343
3360000 4645131
3370000 4651874
3380000 4667415
3390000 4678591
3400000 4698276
3410000 4713110
3420000 4725112
3430000 4743065
3440000 4753905
3450000 4769304
3460000 4782454
3470000 4820977
3480000 4811206
3490000 4833024
3500000 4842490
3510000 4864916
3520000 4873536
3530000 5017204
3540000 5040657
3550000 5047411
3560000 5065827
3570000 5081767
3580000 5097762
3590000 5114560
3600000 5129554
3610000 5153571
3620000 5161827
3630000 5175140
3640000 5208912
3650000 5226968
3660000 5226761
3670000 5238127
3680000 5256657
3690000 5273372
3700000 5323008
3710000 5345821
3720000 5356339
3730000 5373614
3740000 5406026
3750000 5406197
3760000 5419501
3770000 5438833
3780000 5452527
3790000 5469960
3800000 5504655
3810000 5513982
3820000 5516304
3830000 5538846
3840000 5558154
3850000 5571638
3860000 5584354
3870000 5601921
3880000 5616624
3890000 5637621
3900000 5646301
3910000 5665813
3920000 5674885
3930000 5697426
3940000 5725213
3950000 5727273
3960000 5744713
3970000 5760167
3980000 5779828
3990000 5794005
4000000 5806565
4010000 5822191
4020000 5840076
4030000 5860442
4040000 5875859
4050000 5896212
4060000 5903561
4070000 5918060
4080000 5935896
4090000 5973982
4100000 5968430
4110000 5985372
4120000 6002461
4130000 6066918
4140000 6066439
4150000 6083241
4160000 6110605
4170000 6121174
4180000 6150537
4190000 6147155
4200000 6168607
4210000 6207985
4220000 6237281
4230000 6244644
4240000 6257756
4250000 6253933
4260000 6285609
4270000 6272936
4280000 6289923
4290000 6293628
4300000 6305363
4310000 6329760
4320000 6365676
4330000 6350864
4340000 6356211
4350000 6369583
4360000 6415078
4370000 6436741
4380000 6429351
4390000 6445134
4400000 6463323
4410000 6491386
4420000 6512214
4430000 6521689
4440000 6518428
4450000 6534421
4460000 6589633
4470000 6567150
4480000 6597839
4490000 6603453
4500000 6625235
4510000 6748876
4520000 6672415
4530000 6742740
4540000 6726416
4550000 6705916
4560000 6743183
4570000 6730828
4580000 6749703
4590000 6765186
4600000 6822184
4610000 6805953
4620000 6803373
4630000 6817729
4640000 6823259
4650000 6845946
4660000 6868825
4670000 6880014
4680000 6884478
4690000 6916409
4700000 6911814
4710000 6928294
4720000 6944689
4730000 7002896
4740000 6992706
4750000 6989159
4760000 7067254
4770000 7052410
4780000 7082170
4790000 7055639
4800000 7103666
4810000 7107695
4820000 7093957
4830000 7121098
4840000 7143640
4850000 7155610
4860000 7144492
4870000 7206417
4880000 7211690
4890000 7215004
4900000 7258255
4910000 7240794
4920000 7259250
4930000 7249022
4940000 7265375
4950000 7309617
4960000 7359412
4970000 7483882
