10000 0
20000 0
30000 0
40000 0
50000 0
60000 0
70000 0
80000 0
90000 0
100000 0
110000 0
120000 10
130000 0
140000 0
150000 0
160000 11
170000 11
180000 0
190000 11
200000 11
210000 11
220000 1
230000 0
240000 11
250000 1
260000 11
270000 0
280000 0
290000 0
300000 0
310000 0
320000 1
330000 1
340000 1
350000 11
360000 0
370000 11
380000 0
390000 0
400000 1
410000 1
420000 0
430000 1
440000 11
450000 0
460000 0
470000 11
480000 1
490000 1
500000 1
510000 1
520000 11
530000 11
540000 0
550000 1
560000 1
570000 1
580000 1
590000 1
600000 11
610000 1
620000 2
630000 1
640000 1
650000 1
660000 0
670000 1
680000 11
690000 11
700000 1
710000 1
720000 1
730000 1
740000 11
750000 11
760000 11
770000 11
780000 25
790000 1
800000 11
810000 1
820000 1
830000 1
840000 1
850000 1
860000 1
870000 11
880000 1
890000 1
900000 1
910000 11
920000 1
930000 1
940000 1
950000 1
960000 1
970000 11
980000 1
990000 1
1000000 1
1010000 1
1020000 1
1030000 11
1040000 1
1050000 1
1060000 1
1070000 1
1080000 1
1090000 1
1100000 1
1110000 1
1120000 1
1130000 1
1140000 1
1150000 1
1160000 1
1170000 1
1180000 1
1190000 1
1200000 1
1210000 1
1220000 1
1230000 1
1240000 1
1250000 1
1260000 1
1270000 1
1280000 1
1290000 1
1300000 1
1310000 1
1320000 1
1330000 1
1340000 1
1350000 11
1360000 1
1370000 1
1380000 12
1390000 1
1400000 1
1410000 11
1420000 11
1430000 1
1440000 1
1450000 11
1460000 11
1470000 1
1480000 12
1490000 11
1500000 1
1510000 1
1520000 1
1530000 1
1540000 1
1550000 1
1560000 12
1570000 12
1580000 11
1590000 1
1600000 11
1610000 11
1620000 2
1630000 11
1640000 2
1650000 1
1660000 2
1670000 1
1680000 1
1690000 2
1700000 11
1710000 1
1720000 0
1730000 2
1740000 2
1750000 1
1760000 1
1770000 1
1780000 1
1790000 1
1800000 1
1810000 1
1820000 1
1830000 1
1840000 1
1850000 1
1860000 1
1870000 1
1880000 1
1890000 1
1900000 1
1910000 1
1920000 1
1930000 1
1940000 1
1950000 1
1960000 1
1970000 1
1980000 1
1990000 1
2000000 1
2010000 1
2020000 1
2030000 1
2040000 1
2050000 1
2060000 1
2070000 1
2080000 1
2090000 1
2100000 1
2110000 1
2120000 1
2130000 1
2140000 1
2150000 1
2160000 1
2170000 1
2180000 1
2190000 1
2200000 1
2210000 1
2220000 1
2230000 1
2240000 1
2250000 1
2260000 1
2270000 1
2280000 1
2290000 1
2300000 1
2310000 1
2320000 1
2330000 1
2340000 1
2350000 1
2360000 1
2370000 1
2380000 1
2390000 1
2400000 1
2410000 1
2420000 1
2430000 1
2440000 1
2450000 1
2460000 1
2470000 1
2480000 1
2490000 1
2500000 1
2510000 1
2520000 1
2530000 1
2540000 1
2550000 1
2560000 1
2570000 1
2580000 1
2590000 1
2600000 1
2610000 1
2620000 1
2630000 1
2640000 1
2650000 1
2660000 1
2670000 1
2680000 1
2690000 1
2700000 1
2710000 1
2720000 1
2730000 1
2740000 1
2750000 1
2760000 1
2770000 1
2780000 1
2790000 1
2800000 1
2810000 1
2820000 1
2830000 1
2840000 1
2850000 1
2860000 1
2870000 1
2880000 1
2890000 1
2900000 1
2910000 1
2920000 1
2930000 1
2940000 1
2950000 1
2960000 1
2970000 2
2980000 1
2990000 1
3000000 1
3010000 1
3020000 1
3030000 1
3040000 1
3050000 1
3060000 1
3070000 2
3080000 2
3090000 1
3100000 1
3110000 1
3120000 1
3130000 1
3140000 1
3150000 1
3160000 1
3170000 1
3180000 1
3190000 1
3200000 1
3210000 1
3220000 1
3230000 1
3240000 1
3250000 1
3260000 1
3270000 2
3280000 1
3290000 1
3300000 1
3310000 1
3320000 1
3330000 1
3340000 1
3350000 1
3360000 1
3370000 1
3380000 1
3390000 1
3400000 1
3410000 1
3420000 1
3430000 1
3440000 1
3450000 1
3460000 1
3470000 1
3480000 1
3490000 1
3500000 1
3510000 1
3520000 1
3530000 1
3540000 1
3550000 1
3560000 2
3570000 1
3580000 1
3590000 1
3600000 1
3610000 1
3620000 2
3630000 1
3640000 1
3650000 1
3660000 2
3670000 2
3680000 1
3690000 1
3700000 1
3710000 1
3720000 1
3730000 1
3740000 1
3750000 1
3760000 1
3770000 1
3780000 1
3790000 1
3800000 1
3810000 1
3820000 1
3830000 1
3840000 1
3850000 1
3860000 1
3870000 1
3880000 1
3890000 1
3900000 1
3910000 1
3920000 1
3930000 1
3940000 1
3950000 1
3960000 2
3970000 1
3980000 1
3990000 1
4000000 1
4010000 2
4020000 1
4030000 1
4040000 2
4050000 1
4060000 1
4070000 1
4080000 1
4090000 1
4100000 2
4110000 1
4120000 1
4130000 1
4140000 1
4150000 1
4160000 2
4170000 1
4180000 2
4190000 1
4200000 5
4210000 1
4220000 1
4230000 2
4240000 1
4250000 1
4260000 1
4270000 1
4280000 1
4290000 1
4300000 1
4310000 1
4320000 1
4330000 1
4340000 1
4350000 2
4360000 1
4370000 1
4380000 2
4390000 1
4400000 1
4410000 1
4420000 1
4430000 1
4440000 1
4450000 1
4460000 1
4470000 1
4480000 1
4490000 1
4500000 6
4510000 6
4520000 5
4530000 1
4540000 1
4550000 5
4560000 1
4570000 1
4580000 2
4590000 1
4600000 2
4610000 2
4620000 1
4630000 1
4640000 2
4650000 5
4660000 2
4670000 1
4680000 2
4690000 1
4700000 1
4710000 1
4720000 1
4730000 2
4740000 2
4750000 5
4760000 2
4770000 1
4780000 1
4790000 1
4800000 1
4810000 2
4820000 1
4830000 1
4840000 1
4850000 1
4860000 2
4870000 2
4880000 2
4890000 1
4900000 1
4910000 2
4920000 1
4930000 1
4940000 2
4950000 6
4960000 5
