10000 21
20000 30
30000 32
40000 30
50000 22
60000 32
70000 32
80000 32
90000 24
100000 33
110000 24
120000 33
130000 25
140000 33
150000 26
160000 33
170000 26
180000 34
190000 25
200000 25
210000 33
220000 25
230000 25
240000 25
250000 27
260000 26
270000 25
280000 26
290000 25
300000 25
310000 25
320000 25
330000 26
340000 25
350000 22
360000 23
370000 24
380000 22
390000 22
400000 22
410000 25
420000 23
430000 23
440000 23
450000 22
460000 23
470000 22
480000 26
490000 26
500000 25
510000 26
520000 22
530000 23
540000 23
550000 25
560000 26
570000 25
580000 25
590000 27
600000 26
610000 25
620000 43
630000 25
640000 25
650000 25
660000 25
670000 26
680000 26
690000 27
700000 26
710000 25
720000 31
730000 26
740000 25
750000 26
760000 27
770000 23
780000 24
790000 26
800000 25
810000 26
820000 25
830000 23
840000 26
850000 23
860000 23
870000 26
880000 27
890000 25
900000 26
910000 23
920000 25
930000 25
940000 27
950000 26
960000 26
970000 24
980000 26
990000 26
1000000 26
1010000 26
1020000 26
1030000 23
1040000 23
1050000 26
1060000 25
1070000 26
1080000 26
1090000 26
1100000 26
1110000 25
1120000 26
1130000 26
1140000 26
1150000 26
1160000 25
1170000 26
1180000 23
1190000 23
1200000 28
1210000 23
1220000 26
1230000 26
1240000 25
1250000 26
1260000 37
1270000 26
1280000 31
1290000 31
1300000 28
1310000 30
1320000 38
1330000 31
1340000 29
1350000 25
1360000 26
1370000 25
1380000 23
1390000 26
1400000 25
1410000 25
1420000 24
1430000 26
1440000 26
1450000 25
1460000 23
1470000 26
1480000 23
1490000 23
1500000 26
1510000 27
1520000 31
1530000 31
1540000 26
1550000 26
1560000 24
1570000 27
1580000 23
1590000 25
1600000 26
1610000 23
1620000 28
1630000 22
1640000 29
1650000 26
1660000 26
1670000 26
1680000 26
1690000 26
1700000 22
1710000 26
1720000 26
1730000 26
1740000 27
1750000 23
1760000 26
1770000 26
1780000 20
1790000 20
1800000 20
1810000 21
1820000 23
1830000 20
1840000 21
1850000 20
1860000 20
1870000 21
1880000 27
1890000 26
1900000 26
1910000 23
1920000 21
1930000 20
1940000 20
1950000 21
1960000 21
1970000 27
1980000 27
1990000 27
2000000 27
2010000 27
2020000 27
2030000 26
2040000 27
2050000 27
2060000 26
2070000 27
2080000 27
2090000 27
2100000 27
2110000 26
2120000 26
2130000 22
2140000 27
2150000 27
2160000 27
2170000 27
2180000 27
2190000 27
2200000 27
2210000 26
2220000 30
2230000 27
2240000 27
2250000 28
2260000 27
2270000 27
2280000 28
2290000 27
2300000 26
2310000 27
2320000 26
2330000 27
2340000 27
2350000 27
2360000 27
2370000 29
2380000 27
2390000 27
2400000 27
2410000 27
2420000 27
2430000 27
2440000 26
2450000 27
2460000 29
2470000 27
2480000 27
2490000 27
2500000 27
2510000 27
2520000 27
2530000 27
2540000 27
2550000 27
2560000 22
2570000 27
2580000 27
2590000 26
2600000 27
2610000 27
2620000 27
2630000 27
2640000 27
2650000 27
2660000 27
2670000 27
2680000 27
2690000 27
2700000 27
2710000 27
2720000 28
2730000 27
2740000 27
2750000 27
2760000 26
2770000 27
2780000 27
2790000 27
2800000 27
2810000 26
2820000 27
2830000 26
2840000 27
2850000 27
2860000 27
2870000 27
2880000 28
2890000 27
2900000 28
2910000 27
2920000 27
2930000 27
2940000 27
2950000 27
2960000 27
2970000 31
2980000 26
2990000 29
3000000 28
3010000 27
3020000 27
3030000 27
3040000 27
3050000 27
3060000 26
3070000 31
3080000 28
3090000 20
3100000 21
3110000 21
3120000 21
3130000 20
3140000 20
3150000 21
3160000 20
3170000 21
3180000 20
3190000 21
3200000 20
3210000 20
3220000 20
3230000 20
3240000 20
3250000 20
3260000 20
3270000 21
3280000 21
3290000 21
3300000 22
3310000 20
3320000 21
3330000 20
3340000 20
3350000 21
3360000 20
3370000 20
3380000 21
3390000 21
3400000 21
3410000 23
3420000 20
3430000 20
3440000 21
3450000 20
3460000 21
3470000 20
3480000 21
3490000 22
3500000 21
3510000 21
3520000 27
3530000 28
3540000 27
3550000 28
3560000 31
3570000 31
3580000 27
3590000 27
3600000 27
3610000 25
3620000 27
3630000 30
3640000 27
3650000 26
3660000 32
3670000 31
3680000 28
3690000 26
3700000 27
3710000 28
3720000 27
3730000 26
3740000 27
3750000 27
3760000 28
3770000 27
3780000 27
3790000 27
3800000 27
3810000 28
3820000 27
3830000 26
3840000 27
3850000 28
3860000 27
3870000 27
3880000 28
3890000 28
3900000 26
3910000 27
3920000 27
3930000 27
3940000 27
3950000 27
3960000 27
3970000 27
3980000 27
3990000 27
4000000 27
4010000 28
4020000 27
4030000 27
4040000 30
4050000 27
4060000 27
4070000 26
4080000 23
4090000 28
4100000 27
4110000 27
4120000 28
4130000 27
4140000 27
4150000 27
4160000 27
4170000 27
4180000 36
4190000 27
4200000 33
4210000 27
4220000 22
4230000 27
4240000 27
4250000 27
4260000 27
4270000 35
4280000 27
4290000 36
4300000 28
4310000 27
4320000 27
4330000 26
4340000 27
4350000 27
4360000 28
4370000 27
4380000 29
4390000 27
4400000 27
4410000 27
4420000 27
4430000 27
4440000 27
4450000 27
4460000 28
4470000 26
4480000 27
4490000 27
4500000 135262
4510000 992
4520000 36
4530000 30
4540000 27
4550000 36
4560000 29
4570000 27
4580000 27
4590000 23
4600000 32
4610000 23
4620000 27
4630000 27
4640000 27
4650000 35
4660000 30
4670000 27
4680000 27
4690000 27
4700000 28
4710000 27
4720000 30
4730000 31
4740000 27
4750000 35
4760000 27
4770000 29
4780000 26
4790000 27
4800000 27
4810000 27
4820000 28
4830000 29
4840000 27
4850000 27
4860000 31
4870000 27
4880000 28
4890000 27
4900000 28
4910000 30
4920000 27
4930000 27
4940000 27
4950000 36
4960000 14289
